-7.63051e-09	1.30166e-07	8.11818e-08	
-2.45588e-08	1.73705e-07	6.20144e-08	
-4.49145e-08	1.14985e-07	4.30965e-08	
-7.02448e-08	8.81039e-08	1.98963e-08	
-9.51593e-08	1.1965e-07	-7.44069e-09	
-1.06193e-07	1.34661e-07	-3.64915e-08	
-9.68193e-08	1.06228e-07	-6.881e-08	
-8.11894e-08	7.5381e-08	-9.94935e-08	
-7.40017e-08	6.35918e-08	-1.14217e-07	
-7.70022e-08	6.94384e-08	-1.04468e-07	
-8.8204e-08	8.90695e-08	-8.62153e-08	
-9.88752e-08	1.07084e-07	-7.33815e-08	
-1.00986e-07	1.09184e-07	-7.41717e-08	
-9.2808e-08	9.65982e-08	-8.54982e-08	
-8.61159e-08	8.47004e-08	-9.87608e-08	
-8.59963e-08	7.92847e-08	-1.02806e-07	
-9.07778e-08	8.22792e-08	-9.68798e-08	
-9.52871e-08	9.16767e-08	-8.75857e-08	
-9.50873e-08	1.00369e-07	-8.14004e-08	
-8.99868e-08	1.03379e-07	-8.235e-08	
-8.36863e-08	1.00048e-07	-8.57652e-08	
-8.24112e-08	9.54262e-08	-8.7974e-08	
-8.32767e-08	9.18837e-08	-8.72304e-08	
-8.45556e-08	9.47549e-08	-8.6709e-08	
-8.47986e-08	1.00523e-07	-8.42349e-08	
-8.54352e-08	1.03331e-07	-8.15373e-08	
-8.43234e-08	1.00371e-07	-8.0591e-08	
-8.31641e-08	9.64681e-08	-8.19999e-08	
-8.37475e-08	9.4476e-08	-8.51996e-08	
-8.50738e-08	9.42927e-08	-8.92061e-08	
-8.77403e-08	9.6235e-08	-9.24585e-08	
-9.09086e-08	9.57679e-08	-9.12012e-08	
-9.33725e-08	9.30486e-08	-9.00682e-08	
-9.17441e-08	9.02658e-08	-9.07475e-08	
-9.09136e-08	9.13291e-08	-9.27641e-08	
-9.16386e-08	9.21248e-08	-9.26726e-08	
-9.28652e-08	9.22052e-08	-9.24689e-08	
-9.24658e-08	9.22582e-08	-9.17912e-08	
-9.16356e-08	9.27147e-08	-9.03863e-08	
-9.02047e-08	9.37691e-08	-8.98341e-08	
-8.82182e-08	9.55975e-08	-8.88018e-08	
-8.81965e-08	9.77411e-08	-8.68584e-08	
-8.73718e-08	9.69929e-08	-8.43669e-08	
-8.54025e-08	9.73879e-08	-8.49347e-08	
-8.29458e-08	9.88842e-08	-8.47334e-08	
-8.34042e-08	1.00094e-07	-8.35415e-08	
-8.3454e-08	9.85464e-08	-8.22819e-08	
-8.32487e-08	9.78448e-08	-8.28045e-08	
-8.35166e-08	9.78447e-08	-8.38815e-08	
-8.43841e-08	9.73941e-08	-8.57084e-08	
-8.57781e-08	9.7149e-08	-8.8211e-08	
-8.79417e-08	9.56782e-08	-8.8612e-08	
-9.0617e-08	9.34583e-08	-8.94949e-08	
-9.03949e-08	9.14784e-08	-9.13246e-08	
-9.08206e-08	9.28867e-08	-9.33726e-08	
-9.21513e-08	9.30441e-08	-9.21432e-08	
-9.3514e-08	9.18995e-08	-9.15501e-08	
-9.23218e-08	9.08141e-08	-9.18434e-08	
-9.15982e-08	9.15983e-08	-9.20884e-08	
-9.12243e-08	9.26714e-08	-9.17079e-08	
-9.04642e-08	9.40774e-08	-9.05719e-08	
-9.02727e-08	9.58641e-08	-8.85293e-08	
-8.91111e-08	9.57069e-08	-8.6012e-08	
-8.68426e-08	9.6545e-08	-8.64161e-08	
-7.68055e-08	1.04836e-07	-7.87674e-08	
-7.2809e-08	1.04669e-07	-7.57031e-08	
-7.52724e-08	9.84369e-08	-7.76553e-08	
-8.19263e-08	9.35772e-08	-8.2832e-08	
-8.87113e-08	9.3798e-08	-8.80083e-08	
-9.15489e-08	9.73152e-08	-9.00804e-08	
-8.93091e-08	1.0006e-07	-8.82631e-08	
-8.45504e-08	9.97792e-08	-8.45239e-08	
-8.08286e-08	9.77324e-08	-8.16143e-08	
-8.00923e-08	9.65029e-08	-8.1086e-08	
-8.21035e-08	9.65707e-08	-9.69e-08	
-9.93625e-08	8.28289e-08	-1.04098e-07	
-1.05993e-07	7.78195e-08	-9.88108e-08	
-9.85609e-08	8.33283e-08	-8.90208e-08	
-8.701e-08	9.45845e-08	-8.34876e-08	
-8.09801e-08	1.02455e-07	-8.45893e-08	
-8.28799e-08	1.0069e-07	-8.97425e-08	
-8.97911e-08	9.25945e-08	-9.44903e-08	
-9.61529e-08	8.60366e-08	-9.55945e-08	
-9.73715e-08	8.54919e-08	-9.32753e-08	
-9.36341e-08	9.02452e-08	-9.02375e-08	
-8.88829e-08	1.02844e-07	-8.17331e-08	
-7.94439e-08	1.06459e-07	-7.61115e-08	
-7.41365e-08	1.02301e-07	-7.74024e-08	
-7.42863e-08	9.63751e-08	-8.11437e-08	
-8.04621e-08	9.41982e-08	-8.51342e-08	
-8.67605e-08	9.5522e-08	-8.76936e-08	
-9.00196e-08	9.87213e-08	-8.78934e-08	
-8.96364e-08	9.96243e-08	-8.65613e-08	
-8.63093e-08	9.6989e-08	-8.6039e-08	
-8.45107e-08	9.50308e-08	-8.78042e-08	
-8.63672e-08	9.30114e-08	-8.87056e-08	
-9.10681e-08	9.15584e-08	-9.11178e-08	
-9.29328e-08	9.07654e-08	-9.37968e-08	
-9.38507e-08	9.26709e-08	-9.49614e-08	
-9.35813e-08	9.29177e-08	-9.24016e-08	
-9.24843e-08	9.20414e-08	-9.04708e-08	
-9.05985e-08	9.16975e-08	-9.00047e-08	
-9.00843e-08	9.24319e-08	-9.01405e-08	
-9.00837e-08	9.39069e-08	-9.09715e-08	
-8.92897e-08	9.58174e-08	-9.01605e-08	
-8.94171e-08	9.77168e-08	-8.74092e-08	
-8.78533e-08	9.6773e-08	-8.3922e-08	
-8.4995e-08	9.72778e-08	-8.40022e-08	
-8.21015e-08	9.90534e-08	-8.39927e-08	
-8.26995e-08	1.00378e-07	-8.33801e-08	
-8.32456e-08	9.86438e-08	-8.26485e-08	
-8.3537e-08	9.76578e-08	-8.33698e-08	
-8.4032e-08	9.75554e-08	-8.429e-08	
-8.4791e-08	9.72614e-08	-8.57727e-08	
-8.5868e-08	9.72622e-08	-8.79791e-08	
-8.77291e-08	9.59062e-08	-8.82997e-08	
-9.03046e-08	9.36048e-08	-8.93209e-08	
-9.022e-08	9.14517e-08	-9.13716e-08	
-9.0878e-08	9.2738e-08	-9.35536e-08	
-9.23502e-08	9.29015e-08	-9.2292e-08	
-9.36735e-08	9.18627e-08	-9.15649e-08	
-9.23255e-08	9.08899e-08	-9.17454e-08	
-9.14754e-08	9.17152e-08	-9.19763e-08	
-9.10935e-08	9.27409e-08	-9.16672e-08	
-9.04238e-08	9.40579e-08	-9.06147e-08	
-9.03332e-08	9.57868e-08	-8.8606e-08	
-8.92081e-08	9.5643e-08	-8.60647e-08	
-8.6902e-08	9.65423e-08	-8.64184e-08	
-8.4111e-08	9.83657e-08	-8.60093e-08	
-8.45123e-08	9.99294e-08	-8.43434e-08	
-8.43349e-08	9.82393e-08	-8.22362e-08	
-8.34256e-08	9.78987e-08	-8.26602e-08	
-8.25247e-08	9.87008e-08	-8.32201e-08	
-8.31782e-08	9.89874e-08	-8.40547e-08	
-8.40975e-08	9.81334e-08	-8.55381e-08	
-8.56668e-08	9.6589e-08	-8.63105e-08	
-8.80559e-08	9.48152e-08	-8.76924e-08	
-8.86012e-08	9.31957e-08	-8.99742e-08	
-8.97048e-08	9.43424e-08	-9.25034e-08	
-9.15186e-08	9.39262e-08	-9.15008e-08	
-9.33441e-08	9.20408e-08	-9.11851e-08	
-9.20269e-08	9.02154e-08	-9.20686e-08	
-9.15722e-08	9.12626e-08	-9.31441e-08	
-9.19834e-08	9.21456e-08	-9.24441e-08	
-9.21609e-08	9.28462e-08	-9.14056e-08	
-9.16092e-08	9.38927e-08	-8.99849e-08	
-9.03652e-08	9.42028e-08	-8.81852e-08	
-8.83856e-08	9.5292e-08	-8.84205e-08	
-8.60094e-08	9.7157e-08	-8.77391e-08	
-8.64283e-08	9.90293e-08	-8.56302e-08	
-8.59621e-08	9.7684e-08	-8.28911e-08	
-8.43094e-08	9.78108e-08	-8.32426e-08	
-8.22909e-08	9.91602e-08	-8.33979e-08	
-8.26951e-08	9.99642e-08	-8.32794e-08	
-8.31326e-08	9.85587e-08	-8.35114e-08	
-8.3929e-08	9.72538e-08	-8.43132e-08	
-8.55403e-08	9.63088e-08	-8.57051e-08	
-8.65103e-08	9.53054e-08	-8.79473e-08	
-8.79717e-08	9.59119e-08	-9.06618e-08	
-9.00837e-08	9.48911e-08	-9.03013e-08	
-9.23726e-08	9.25662e-08	-9.05468e-08	
-9.13899e-08	9.03984e-08	-9.19537e-08	
-9.13187e-08	9.16895e-08	-9.36065e-08	
-9.23048e-08	9.23038e-08	-9.25573e-08	
-9.32076e-08	9.21368e-08	-9.16993e-08	
-9.22902e-08	9.21458e-08	-9.11199e-08	
-9.12026e-08	9.27254e-08	-9.03107e-08	
-8.99038e-08	9.38633e-08	-9.02746e-08	
-8.82378e-08	9.56234e-08	-8.93141e-08	
-8.84492e-08	9.76379e-08	-8.70631e-08	
-8.76341e-08	9.68657e-08	-8.42009e-08	
-8.55022e-08	9.73815e-08	-8.459e-08	
-8.28567e-08	9.90175e-08	-8.44608e-08	
-8.32148e-08	1.00236e-07	-8.34813e-08	
-8.32899e-08	9.856e-08	-8.24144e-08	
-8.3197e-08	9.77264e-08	-8.30115e-08	
-8.35861e-08	9.771e-08	-8.40353e-08	
-8.45131e-08	9.73564e-08	-8.57386e-08	
-8.58787e-08	9.72207e-08	-8.81301e-08	
-8.79554e-08	9.57807e-08	-8.84958e-08	
-9.05512e-08	9.35081e-08	-8.94256e-08	
-9.03125e-08	9.14521e-08	-9.13374e-08	
-9.0786e-08	9.2819e-08	-9.34395e-08	
-9.21816e-08	9.29903e-08	-9.22023e-08	
-9.35728e-08	9.18932e-08	-9.15597e-08	
-9.2356e-08	9.08499e-08	-9.1808e-08	
-9.1585e-08	9.16446e-08	-9.20442e-08	
-9.11827e-08	9.26954e-08	-9.16894e-08	
-9.04313e-08	9.40668e-08	-9.05865e-08	
-9.02717e-08	9.58332e-08	-8.85592e-08	
-8.91367e-08	9.5683e-08	-8.60342e-08	
-8.68718e-08	9.6545e-08	-8.64188e-08	
-8.41328e-08	9.83368e-08	-8.60332e-08	
-8.45623e-08	9.99009e-08	-8.43717e-08	
-8.43776e-08	9.82363e-08	-8.22523e-08	
-8.34375e-08	9.79174e-08	-8.26581e-08	
-8.25052e-08	9.87192e-08	-8.32042e-08	
-8.31445e-08	9.89894e-08	-8.40364e-08	
-8.40717e-08	9.81221e-08	-8.55285e-08	
-8.56626e-08	9.65783e-08	-8.63137e-08	
-8.80712e-08	9.48142e-08	-8.7704e-08	
-8.86214e-08	9.32022e-08	-8.99845e-08	
-8.97149e-08	9.43486e-08	-9.25052e-08	
-9.15136e-08	9.39271e-08	-9.14945e-08	
-9.33313e-08	9.20374e-08	-9.11772e-08	
-9.20183e-08	9.02119e-08	-9.20656e-08	
-9.15736e-08	9.12617e-08	-9.31474e-08	
-9.19915e-08	9.21471e-08	-9.24496e-08	
-9.21677e-08	9.28479e-08	-9.14084e-08	
-9.16097e-08	9.38932e-08	-8.99834e-08	
-9.03604e-08	9.42021e-08	-8.81815e-08	
-8.83802e-08	9.52913e-08	-8.84177e-08	
-8.60074e-08	9.71571e-08	-8.7739e-08	
-8.64302e-08	9.90299e-08	-8.56322e-08	
-8.59658e-08	9.76843e-08	-8.28936e-08	
-8.43121e-08	9.78104e-08	-8.32439e-08	
-8.22913e-08	9.91596e-08	-8.33976e-08	
-8.26935e-08	9.99641e-08	-8.3278e-08	
-8.31303e-08	9.85592e-08	-8.351e-08	
-8.39276e-08	9.72544e-08	-8.43126e-08	
-8.55402e-08	9.6309e-08	-8.57053e-08	
-8.65113e-08	9.5305e-08	-8.79481e-08	
-8.7973e-08	9.59114e-08	-9.06625e-08	
-9.00843e-08	9.48908e-08	-9.03014e-08	
-9.23723e-08	9.25664e-08	-9.05464e-08	
-9.13891e-08	9.03988e-08	-9.19532e-08	
-9.13181e-08	9.16898e-08	-9.36063e-08	
-9.23048e-08	9.23038e-08	-9.25574e-08	
-9.3208e-08	9.21366e-08	-9.16996e-08	
-9.22907e-08	9.21456e-08	-9.11201e-08	
-9.12027e-08	9.27253e-08	-9.03107e-08	
-8.99036e-08	9.38634e-08	-9.02745e-08	
-8.82374e-08	9.56236e-08	-8.93139e-08	
-8.84491e-08	9.7638e-08	-8.70631e-08	
-8.76333e-08	9.71542e-08	-7.70021e-08	
-7.82185e-08	1.04985e-07	-7.3229e-08	
-7.40247e-08	1.04993e-07	-7.56757e-08	
-7.58195e-08	9.85872e-08	-8.18305e-08	
-8.17204e-08	9.29579e-08	-8.80614e-08	
-8.80843e-08	9.24836e-08	-9.09358e-08	
-9.10681e-08	9.62375e-08	-8.93546e-08	
-8.93202e-08	1.002e-07	-8.52379e-08	
-8.4931e-08	1.01035e-07	-8.15887e-08	
-8.12166e-08	9.89571e-08	-8.03509e-08	
-8.02223e-08	9.66987e-08	-8.17261e-08	
-8.22033e-08	8.2354e-08	-9.87394e-08	
-1.00046e-07	7.7301e-08	-1.05763e-07	
-1.06738e-07	8.20598e-08	-9.88965e-08	
-9.84087e-08	9.25336e-08	-8.75572e-08	
-8.58805e-08	1.0124e-07	-8.14029e-08	
-7.95587e-08	1.017e-07	-8.30046e-08	
-8.20913e-08	9.5049e-08	-8.9567e-08	
-9.02148e-08	8.80005e-08	-9.57257e-08	
-9.73709e-08	8.55521e-08	-9.7067e-08	
-9.81679e-08	8.8369e-08	-9.369e-08	
-9.32786e-08	9.36902e-08	-8.93579e-08	
-8.08495e-08	1.04016e-07	-8.0292e-08	
-7.53417e-08	1.07064e-07	-7.49321e-08	
-7.51309e-08	1.00105e-07	-7.45026e-08	
-7.88768e-08	9.4539e-08	-7.99727e-08	
-8.41241e-08	9.45658e-08	-8.59682e-08	
-8.87465e-08	9.77587e-08	-8.95241e-08	
-8.93785e-08	9.98241e-08	-8.97343e-08	
-8.73616e-08	9.86113e-08	-8.67749e-08	
-8.58436e-08	9.52262e-08	-8.49017e-08	
-8.47735e-08	9.22564e-08	-8.64514e-08	
-8.71497e-08	9.34369e-08	-9.08581e-08	
-9.17137e-08	9.39084e-08	-9.25377e-08	
-9.54756e-08	9.26167e-08	-9.34916e-08	
-9.39195e-08	9.05999e-08	-9.35375e-08	
-9.17708e-08	9.10961e-08	-9.27947e-08	
-9.07295e-08	9.17248e-08	-9.09761e-08	
-9.07691e-08	9.26825e-08	-9.02277e-08	
-9.11871e-08	9.41495e-08	-8.99286e-08	
-9.10031e-08	9.45715e-08	-8.90286e-08	
-8.93547e-08	9.53666e-08	-8.93431e-08	
-8.655e-08	9.6867e-08	-8.80712e-08	
-8.61949e-08	1.05253e-07	-7.803e-08	
-7.77357e-08	1.05023e-07	-7.34237e-08	
-7.45333e-08	9.87692e-08	-7.51474e-08	
-7.71746e-08	9.38668e-08	-8.12788e-08	
-8.33278e-08	9.38602e-08	-8.80047e-08	
-8.89541e-08	9.70131e-08	-9.12512e-08	
-9.06203e-08	9.95734e-08	-8.95473e-08	
-8.80302e-08	9.95171e-08	-8.50678e-08	
-8.38603e-08	9.79244e-08	-8.12674e-08	
-8.10825e-08	9.699e-08	-8.0226e-08	
-8.09753e-08	9.74856e-08	-8.19081e-08	
-9.73213e-08	8.48207e-08	-9.89981e-08	
-1.04982e-07	7.99021e-08	-1.05742e-07	
-9.92837e-08	8.34857e-08	-9.85703e-08	
-8.84641e-08	9.20684e-08	-8.72202e-08	
-8.20935e-08	9.9512e-08	-8.13199e-08	
-8.31844e-08	1.00493e-07	-8.32462e-08	
-8.92992e-08	9.5435e-08	-8.99547e-08	
-9.53004e-08	8.94703e-08	-9.59223e-08	
-9.68143e-08	8.69304e-08	-9.68917e-08	
-9.37298e-08	8.87636e-08	-9.33194e-08	
-8.95757e-08	9.35938e-08	-7.51478e-08	
-7.31569e-08	1.11634e-07	-6.5926e-08	
-6.53787e-08	1.12557e-07	-6.64399e-08	
-6.71413e-08	9.9068e-08	-7.42306e-08	
-7.634e-08	8.79111e-08	-8.5296e-08	
-8.81084e-08	8.73675e-08	-9.37337e-08	
-9.53698e-08	9.48001e-08	-9.4625e-08	
-9.38307e-08	1.02322e-07	-8.87328e-08	
-8.63372e-08	1.03498e-07	-8.13907e-08	
-7.92189e-08	9.92469e-08	-7.72672e-08	
-7.66004e-08	9.53309e-08	-7.79361e-08	
-7.91998e-08	8.1177e-08	-9.66828e-08	
-9.93558e-08	7.71427e-08	-1.06777e-07	
-1.08341e-07	8.26328e-08	-1.01218e-07	
-1.00068e-07	9.30837e-08	-8.87238e-08	
-8.60303e-08	1.01256e-07	-8.07635e-08	
-7.83827e-08	1.01374e-07	-8.13319e-08	
-8.05552e-08	9.4917e-08	-8.81381e-08	
-8.93274e-08	8.82505e-08	-9.55047e-08	
-9.76027e-08	8.59274e-08	-9.79285e-08	
-9.90245e-08	8.85026e-08	-9.46157e-08	
-9.38473e-08	9.34645e-08	-8.95661e-08	
-8.07481e-08	1.03701e-07	-7.97867e-08	
-7.47736e-08	1.07053e-07	-7.41442e-08	
-7.44566e-08	1.00419e-07	-7.38389e-08	
-7.84028e-08	9.48647e-08	-7.96745e-08	
-8.40195e-08	9.46345e-08	-8.60817e-08	
-8.8978e-08	9.75555e-08	-8.98768e-08	
-8.97236e-08	9.95699e-08	-9.00416e-08	
-8.75732e-08	9.85373e-08	-8.6849e-08	
-8.5818e-08	9.53595e-08	-8.47506e-08	
-8.4574e-08	9.24525e-08	-8.62138e-08	
-8.69298e-08	9.35432e-08	-9.07e-08	
-9.16185e-08	9.38703e-08	-9.25492e-08	
-9.55469e-08	9.24943e-08	-9.36251e-08	
-9.4065e-08	9.04951e-08	-9.36634e-08	
-9.18609e-08	9.1073e-08	-9.2818e-08	
-9.07077e-08	9.17815e-08	-9.09024e-08	
-9.0675e-08	9.27651e-08	-9.01326e-08	
-9.11049e-08	9.4196e-08	-8.98842e-08	
-9.09905e-08	9.45559e-08	-8.90539e-08	
-8.94061e-08	9.5313e-08	-8.94046e-08	
-8.6617e-08	9.6824e-08	-8.81193e-08	
-8.63286e-08	9.86942e-08	-8.52978e-08	
-8.53943e-08	9.76902e-08	-8.22242e-08	
-8.37328e-08	9.81371e-08	-8.27006e-08	
-8.20324e-08	9.94761e-08	-8.32458e-08	
-8.2812e-08	9.99809e-08	-8.35001e-08	
-8.34723e-08	9.83068e-08	-8.38933e-08	
-8.42591e-08	9.69978e-08	-8.46116e-08	
-8.56826e-08	9.62599e-08	-8.57757e-08	
-8.64247e-08	9.54564e-08	-8.78028e-08	
-8.77587e-08	9.6098e-08	-9.04426e-08	
-8.99062e-08	9.49595e-08	-9.01715e-08	
-9.23449e-08	9.24948e-08	-9.05756e-08	
-9.1501e-08	9.02707e-08	-9.20856e-08	
-9.14587e-08	9.16032e-08	-9.37212e-08	
-9.23645e-08	9.2306e-08	-9.25711e-08	
-9.31592e-08	9.22055e-08	-9.16242e-08	
-9.21942e-08	9.22202e-08	-9.10313e-08	
-9.11418e-08	9.27546e-08	-9.02758e-08	
-8.99154e-08	9.38375e-08	-9.03059e-08	
-8.82982e-08	9.55732e-08	-8.93745e-08	
-8.8507e-08	9.76063e-08	-8.71053e-08	
-8.7651e-08	9.6873e-08	-8.42023e-08	
-8.54757e-08	9.74125e-08	-8.45586e-08	
-8.28115e-08	9.90414e-08	-8.44218e-08	
-8.31803e-08	1.00235e-07	-8.34585e-08	
-8.32833e-08	9.85427e-08	-8.24172e-08	
-8.32165e-08	9.77122e-08	-8.30332e-08	
-8.36153e-08	9.77095e-08	-8.406e-08	
-8.45331e-08	9.73648e-08	-8.57513e-08	
-8.58794e-08	9.72274e-08	-8.81255e-08	
-8.79408e-08	9.57805e-08	-8.84807e-08	
-9.05345e-08	9.35041e-08	-8.94125e-08	
-9.03063e-08	9.14494e-08	-9.13353e-08	
-9.07923e-08	9.28196e-08	-9.34473e-08	
-9.21929e-08	9.29922e-08	-9.22116e-08	
-9.35791e-08	9.18939e-08	-9.15629e-08	
-9.23534e-08	9.08489e-08	-9.18039e-08	
-9.15776e-08	9.16434e-08	-9.20378e-08	
-9.11774e-08	9.26955e-08	-9.16862e-08	
-9.04316e-08	9.4068e-08	-9.05883e-08	
-9.0276e-08	9.58341e-08	-8.85634e-08	
-8.91409e-08	9.56826e-08	-8.60374e-08	
-8.68729e-08	9.65436e-08	-8.64191e-08	
-7.68173e-08	1.04853e-07	-7.8751e-08	
-7.27997e-08	1.04684e-07	-7.56787e-08	
-7.52499e-08	9.84369e-08	-7.76351e-08	
-8.19037e-08	9.3567e-08	-8.28244e-08	
-8.87014e-08	9.37889e-08	-8.8015e-08	
-9.15554e-08	9.73138e-08	-9.00941e-08	
-8.93238e-08	1.00064e-07	-8.8273e-08	
-8.45614e-08	9.97831e-08	-8.45241e-08	
-8.08301e-08	9.77324e-08	-8.16068e-08	
-8.00857e-08	9.65008e-08	-8.10765e-08	
-8.2094e-08	9.65698e-08	-9.68948e-08	
-9.93569e-08	8.283e-08	-1.041e-07	
-1.05995e-07	7.78212e-08	-9.88165e-08	
-9.85667e-08	8.33288e-08	-8.90239e-08	
-8.70135e-08	9.45836e-08	-8.34863e-08	
-8.09793e-08	1.02454e-07	-8.45854e-08	
-8.28763e-08	1.0069e-07	-8.97392e-08	
-8.97876e-08	9.25957e-08	-9.44898e-08	
-9.61519e-08	8.60376e-08	-9.55965e-08	
-9.73733e-08	8.54917e-08	-9.32774e-08	
-9.36365e-08	9.02441e-08	-9.02381e-08	
-8.88838e-08	1.02843e-07	-8.1732e-08	
-7.9443e-08	1.06459e-07	-7.61097e-08	
-7.41348e-08	1.02302e-07	-7.7401e-08	
-7.42845e-08	9.63759e-08	-8.11431e-08	
-8.0461e-08	9.4198e-08	-8.51345e-08	
-8.67606e-08	9.55212e-08	-8.76944e-08	
-9.00205e-08	9.87206e-08	-8.78941e-08	
-8.96374e-08	9.96243e-08	-8.65615e-08	
-8.63096e-08	9.69895e-08	-8.60387e-08	
-8.45104e-08	9.50313e-08	-8.78037e-08	
-8.63665e-08	9.30115e-08	-8.87052e-08	
-9.10676e-08	9.15581e-08	-9.11178e-08	
-9.29328e-08	9.07651e-08	-9.37971e-08	
-9.38511e-08	9.26707e-08	-9.49617e-08	
-9.35817e-08	9.29178e-08	-9.24016e-08	
-9.24844e-08	9.20416e-08	-9.04706e-08	
-9.05982e-08	9.16976e-08	-9.00045e-08	
-9.00839e-08	9.24319e-08	-9.01404e-08	
-9.00835e-08	9.39068e-08	-9.09715e-08	
-8.92899e-08	9.58172e-08	-9.01606e-08	
-8.94173e-08	9.77168e-08	-8.74093e-08	
-8.78527e-08	9.70621e-08	-7.67243e-08	
-7.77041e-08	1.04894e-07	-7.25944e-08	
-7.31847e-08	1.05063e-07	-7.5027e-08	
-7.50735e-08	9.87616e-08	-8.14509e-08	
-8.13669e-08	9.3072e-08	-8.80787e-08	
-8.82098e-08	9.24418e-08	-9.12371e-08	
-9.14771e-08	9.60814e-08	-8.96665e-08	
-8.96687e-08	1.00074e-07	-8.53549e-08	
-8.50035e-08	1.01049e-07	-8.14879e-08	
-8.1029e-08	9.9079e-08	-8.01347e-08	
-7.99274e-08	9.68078e-08	-8.15275e-08	
-8.19739e-08	8.2374e-08	-9.86685e-08	
-1.00005e-07	7.72391e-08	-1.05846e-07	
-1.06873e-07	8.19569e-08	-9.90153e-08	
-9.85432e-08	9.2451e-08	-8.76002e-08	
-8.58951e-08	1.01234e-07	-8.13578e-08	
-7.94668e-08	1.01763e-07	-8.29181e-08	
-8.19659e-08	9.51141e-08	-8.95e-08	
-9.01371e-08	8.80176e-08	-9.57191e-08	
-9.73854e-08	8.55183e-08	-9.71108e-08	
-9.82407e-08	8.83136e-08	-9.37361e-08	
-9.33342e-08	9.36539e-08	-8.93706e-08	
-7.36031e-08	1.10459e-07	-7.29248e-08	
-6.30108e-08	1.11032e-07	-6.52767e-08	
-6.33243e-08	9.91897e-08	-6.72412e-08	
-7.25601e-08	9.00982e-08	-7.65449e-08	
-8.58587e-08	9.04956e-08	-8.81713e-08	
-9.54982e-08	9.68114e-08	-9.51378e-08	
-9.55906e-08	1.01694e-07	-9.347e-08	
-8.80666e-08	1.01073e-07	-8.61687e-08	
-7.99208e-08	9.74087e-08	-7.941e-08	
-7.62219e-08	9.54696e-08	-7.70626e-08	
-7.78941e-08	9.62891e-08	-9.38534e-08	
-9.73551e-08	8.35938e-08	-1.04251e-07	
-1.07286e-07	7.88707e-08	-1.01208e-07	
-1.00996e-07	8.37641e-08	-9.09105e-08	
-8.80696e-08	9.41139e-08	-8.35078e-08	
-8.01901e-08	1.01712e-07	-8.31544e-08	
-8.11399e-08	1.00564e-07	-8.81398e-08	
-8.83875e-08	9.31937e-08	-9.39114e-08	
-9.59832e-08	8.67663e-08	-9.62327e-08	
-9.82419e-08	8.57518e-08	-9.42772e-08	
-9.45292e-08	8.98797e-08	-9.06937e-08	
-8.89869e-08	1.08909e-07	-7.41453e-08	
-7.12362e-08	1.13051e-07	-6.59662e-08	
-6.31097e-08	1.01726e-07	-6.72143e-08	
-6.58188e-08	9.04512e-08	-7.58527e-08	
-7.66542e-08	8.86912e-08	-8.72824e-08	
-8.9455e-08	9.46356e-08	-9.47479e-08	
-9.62889e-08	1.01049e-07	-9.38417e-08	
-9.34764e-08	1.02195e-07	-8.68871e-08	
-8.52478e-08	9.88301e-08	-7.99054e-08	
-7.84134e-08	9.58591e-08	-7.70609e-08	
-7.65818e-08	9.61445e-08	-7.89783e-08	
-9.4191e-08	8.47142e-08	-9.80137e-08	
-1.05356e-07	8.0884e-08	-1.07024e-07	
-1.01899e-07	8.46205e-08	-1.00226e-07	
-9.03507e-08	9.2495e-08	-8.75903e-08	
-8.19599e-08	9.90954e-08	-8.03682e-08	
-8.15666e-08	9.99156e-08	-8.18449e-08	
-8.7566e-08	9.53782e-08	-8.90958e-08	
-9.47104e-08	8.99241e-08	-9.60928e-08	
-9.75511e-08	8.74204e-08	-9.76762e-08	
-9.48272e-08	8.88796e-08	-9.38734e-08	
-9.00466e-08	9.29939e-08	-8.21753e-08	
-8.01555e-08	1.03719e-07	-7.70117e-08	
-7.42232e-08	1.07689e-07	-7.64244e-08	
-7.60542e-08	1.02519e-07	-7.89482e-08	
-8.08352e-08	9.38905e-08	-8.28839e-08	
-8.58953e-08	9.17645e-08	-8.72544e-08	
-8.89149e-08	9.55874e-08	-8.89089e-08	
-8.86842e-08	9.96739e-08	-8.81682e-08	
-8.64647e-08	1.00603e-07	-8.7047e-08	
-8.52775e-08	9.69412e-08	-8.52653e-08	
-8.70458e-08	9.21897e-08	-8.65851e-08	
-8.86084e-08	8.95118e-08	-9.07743e-08	
-9.17434e-08	9.19195e-08	-9.50996e-08	
-9.44905e-08	9.34406e-08	-9.42835e-08	
-9.50714e-08	9.28609e-08	-9.22999e-08	
-9.19772e-08	9.14247e-08	-9.08981e-08	
-9.0023e-08	9.15773e-08	-9.05367e-08	
-8.98955e-08	9.2316e-08	-9.08792e-08	
-9.03383e-08	9.37992e-08	-9.09483e-08	
-9.11786e-08	9.58236e-08	-8.95708e-08	
-9.01416e-08	9.57889e-08	-8.6836e-08	
-8.72274e-08	9.65829e-08	-8.65208e-08	
-7.64286e-08	1.04805e-07	-7.82366e-08	
-7.20069e-08	1.04668e-07	-7.49361e-08	
-7.44615e-08	9.85286e-08	-7.70439e-08	
-8.14555e-08	9.3707e-08	-8.26216e-08	
-8.87423e-08	9.38573e-08	-8.82108e-08	
-9.19365e-08	9.72477e-08	-9.04638e-08	
-8.97011e-08	9.99265e-08	-8.8528e-08	
-8.46878e-08	9.97059e-08	-8.45289e-08	
-8.06883e-08	9.77793e-08	-8.14168e-08	
-7.98085e-08	9.66187e-08	-8.08361e-08	
-8.185e-08	9.66552e-08	-9.67547e-08	
-9.92816e-08	8.28252e-08	-1.04148e-07	
-1.06109e-07	7.774e-08	-9.89604e-08	
-9.87127e-08	8.32182e-08	-8.91167e-08	
-8.70564e-08	9.45123e-08	-8.34746e-08	
-8.09122e-08	1.02471e-07	-8.45031e-08	
-8.27625e-08	1.00765e-07	-8.96556e-08	
-8.97052e-08	9.26538e-08	-9.4463e-08	
-9.61508e-08	8.6037e-08	-9.56323e-08	
-9.74344e-08	8.54416e-08	-9.33313e-08	
-9.36944e-08	9.01844e-08	-9.02649e-08	
-8.88038e-08	1.09438e-07	-7.44253e-08	
-7.16911e-08	1.13117e-07	-6.66724e-08	
-6.3899e-08	1.01273e-07	-6.80316e-08	
-6.66733e-08	8.99576e-08	-7.6509e-08	
-7.73154e-08	8.85101e-08	-8.75473e-08	
-8.96745e-08	9.48194e-08	-9.45642e-08	
-9.60278e-08	1.0137e-07	-9.34466e-08	
-9.30374e-08	1.02339e-07	-8.66071e-08	
-8.49869e-08	9.8711e-08	-7.98872e-08	
-7.84572e-08	9.56435e-08	-7.72629e-08	
-7.68527e-08	9.60256e-08	-7.92651e-08	
-9.44907e-08	8.47457e-08	-9.82055e-08	
-1.05435e-07	8.10004e-08	-1.0698e-07	
-1.01727e-07	8.47416e-08	-1.00044e-07	
-9.01395e-08	9.25589e-08	-8.74617e-08	
-8.18755e-08	9.90771e-08	-8.03727e-08	
-8.16344e-08	9.98483e-08	-8.19517e-08	
-8.77121e-08	9.53235e-08	-8.92185e-08	
-9.48158e-08	8.99147e-08	-9.61415e-08	
-9.75401e-08	8.74507e-08	-9.76286e-08	
-9.47351e-08	8.89247e-08	-9.37918e-08	
-8.99656e-08	9.30252e-08	-8.21288e-08	
-8.01404e-08	1.03718e-07	-7.70193e-08	
-7.42689e-08	1.07664e-07	-7.64706e-08	
-7.6128e-08	1.02499e-07	-7.90037e-08	
-8.08974e-08	9.38905e-08	-8.29199e-08	
-8.59159e-08	9.17777e-08	-8.72555e-08	
-8.88909e-08	9.56002e-08	-8.8882e-08	
-8.86412e-08	9.96774e-08	-8.81371e-08	
-8.6435e-08	1.00598e-07	-8.70328e-08	
-8.5277e-08	9.69355e-08	-8.52735e-08	
-8.70683e-08	9.21873e-08	-8.66056e-08	
-8.86339e-08	8.95121e-08	-9.07909e-08	
-9.17536e-08	9.19204e-08	-9.5101e-08	
-9.44815e-08	9.34414e-08	-9.42722e-08	
-9.5055e-08	9.28619e-08	-9.22879e-08	
-9.19685e-08	9.1426e-08	-9.08949e-08	
-9.00271e-08	9.1578e-08	-9.05427e-08	
-8.99063e-08	9.23152e-08	-9.08877e-08	
-9.03464e-08	9.37971e-08	-9.09524e-08	
-9.11787e-08	9.5822e-08	-8.95685e-08	
-9.01354e-08	9.57893e-08	-8.68304e-08	
-8.72209e-08	9.6585e-08	-8.65164e-08	
-8.37407e-08	9.82891e-08	-8.55254e-08	
-8.38372e-08	9.98763e-08	-8.37143e-08	
-8.38304e-08	9.83083e-08	-8.18664e-08	
-8.33463e-08	9.80271e-08	-8.2693e-08	
-8.28136e-08	9.87487e-08	-8.35382e-08	
-8.3587e-08	9.88995e-08	-8.44097e-08	
-8.43707e-08	9.79953e-08	-8.57186e-08	
-8.56832e-08	9.6528e-08	-8.62538e-08	
-8.78689e-08	9.48762e-08	-8.74923e-08	
-8.83776e-08	9.33169e-08	-8.97933e-08	
-8.95985e-08	9.44237e-08	-9.24598e-08	
-9.1573e-08	9.39111e-08	-9.15918e-08	
-9.34807e-08	9.19545e-08	-9.1312e-08	
-9.21237e-08	9.01299e-08	-9.21308e-08	
-9.15672e-08	9.12367e-08	-9.31123e-08	
-9.19052e-08	9.21882e-08	-9.23664e-08	
-9.20853e-08	9.29154e-08	-9.13516e-08	
-9.15917e-08	9.39324e-08	-8.99878e-08	
-9.04044e-08	9.41873e-08	-8.82284e-08	
-8.84404e-08	9.5243e-08	-8.84651e-08	
-8.60403e-08	9.712e-08	-8.77559e-08	
-8.64221e-08	9.9033e-08	-8.56156e-08	
-8.59311e-08	9.77171e-08	-8.28611e-08	
-8.42772e-08	9.78388e-08	-8.32165e-08	
-8.22757e-08	9.91607e-08	-8.33885e-08	
-8.27015e-08	9.99438e-08	-8.32882e-08	
-8.31529e-08	9.85412e-08	-8.35302e-08	
-8.39494e-08	9.72535e-08	-8.43297e-08	
-8.55489e-08	9.63208e-08	-8.57102e-08	
-8.65042e-08	9.53157e-08	-8.794e-08	
-8.79577e-08	9.59125e-08	-9.06495e-08	
-9.00729e-08	9.48846e-08	-9.02938e-08	
-9.23722e-08	9.25602e-08	-9.05486e-08	
-9.1398e-08	9.03973e-08	-9.19615e-08	
-9.13273e-08	9.16923e-08	-9.3613e-08	
-9.23072e-08	9.2307e-08	-9.25574e-08	
-9.32032e-08	9.21379e-08	-9.16943e-08	
-9.22841e-08	9.21449e-08	-9.11148e-08	
-9.11999e-08	9.2724e-08	-9.03094e-08	
-8.9906e-08	9.38628e-08	-9.02773e-08	
-8.82421e-08	9.56237e-08	-8.93179e-08	
-8.84522e-08	9.76382e-08	-8.70651e-08	
-8.7634e-08	9.68656e-08	-8.42001e-08	
-8.54997e-08	9.73813e-08	-8.45876e-08	
-8.2854e-08	9.90176e-08	-8.44586e-08	
-8.32135e-08	1.00237e-07	-8.34806e-08	
-8.32903e-08	9.85604e-08	-8.24152e-08	
-8.31986e-08	9.77262e-08	-8.3013e-08	
-8.35876e-08	9.77095e-08	-8.40365e-08	
-8.45138e-08	9.73559e-08	-8.57389e-08	
-8.58783e-08	9.72207e-08	-8.81295e-08	
-8.79545e-08	9.57811e-08	-8.8495e-08	
-9.05504e-08	9.35086e-08	-8.9425e-08	
-9.03124e-08	9.14522e-08	-9.13375e-08	
-9.07864e-08	9.28188e-08	-9.34399e-08	
-9.21822e-08	9.29899e-08	-9.22027e-08	
-9.35731e-08	9.1893e-08	-9.15598e-08	
-9.23557e-08	9.08499e-08	-9.18077e-08	
-9.15846e-08	9.16448e-08	-9.20439e-08	
-9.11825e-08	9.26956e-08	-9.16893e-08	
-9.04314e-08	9.40668e-08	-9.05866e-08	
-9.02719e-08	9.5833e-08	-8.85594e-08	
-8.91369e-08	9.56829e-08	-8.60344e-08	
-8.68718e-08	9.65449e-08	-8.64189e-08	
-8.41327e-08	9.83369e-08	-8.60331e-08	
-8.45621e-08	9.99011e-08	-8.43716e-08	
-8.43775e-08	9.82363e-08	-8.22522e-08	
-8.34375e-08	9.79173e-08	-8.26581e-08	
-8.25053e-08	9.87191e-08	-8.32043e-08	
-8.31446e-08	9.89894e-08	-8.40365e-08	
-8.40718e-08	9.81221e-08	-8.55285e-08	
-8.56626e-08	9.65784e-08	-8.63137e-08	
-8.80712e-08	9.48143e-08	-8.77039e-08	
-8.86213e-08	9.32022e-08	-8.99844e-08	
-8.97148e-08	9.43485e-08	-9.25052e-08	
-9.15136e-08	9.39271e-08	-9.14945e-08	
-9.33314e-08	9.20374e-08	-9.11773e-08	
-9.20183e-08	9.02119e-08	-9.20657e-08	
-9.15736e-08	9.12617e-08	-9.31474e-08	
-9.19915e-08	9.21471e-08	-9.24496e-08	
-9.21677e-08	9.28479e-08	-9.14084e-08	
-9.16097e-08	9.38932e-08	-8.99834e-08	
-9.03604e-08	9.42021e-08	-8.81815e-08	
-8.83802e-08	9.52913e-08	-8.84177e-08	
-8.60074e-08	9.71571e-08	-8.7739e-08	
-8.64302e-08	9.90299e-08	-8.56322e-08	
-8.59658e-08	9.76843e-08	-8.28936e-08	
-8.43121e-08	9.78104e-08	-8.32439e-08	
-8.22913e-08	9.91596e-08	-8.33976e-08	
-8.26935e-08	9.99641e-08	-8.3278e-08	
-8.31303e-08	9.85592e-08	-8.351e-08	
-8.39276e-08	9.72544e-08	-8.43126e-08	
-8.55402e-08	9.6309e-08	-8.57053e-08	
-8.65113e-08	9.5305e-08	-8.79481e-08	
-8.7973e-08	9.59114e-08	-9.06625e-08	
-9.00843e-08	9.48908e-08	-9.03014e-08	
-9.23723e-08	9.25664e-08	-9.05464e-08	
-9.13891e-08	9.03988e-08	-9.19532e-08	
-9.13181e-08	9.16898e-08	-9.36063e-08	
-9.23048e-08	9.23038e-08	-9.25574e-08	
-9.3208e-08	9.21366e-08	-9.16996e-08	
-9.22907e-08	9.21456e-08	-9.11201e-08	
-9.12027e-08	9.27253e-08	-9.03107e-08	
-8.99036e-08	9.38634e-08	-9.02745e-08	
-8.82374e-08	9.56236e-08	-8.93139e-08	
-8.84491e-08	9.7638e-08	-8.70631e-08	
-8.76333e-08	9.71542e-08	-7.70021e-08	
-7.82185e-08	1.04985e-07	-7.3229e-08	
-7.40247e-08	1.04993e-07	-7.56757e-08	
-7.58195e-08	9.85872e-08	-8.18305e-08	
-8.17204e-08	9.29579e-08	-8.80614e-08	
-8.80843e-08	9.24836e-08	-9.09358e-08	
-9.10681e-08	9.62375e-08	-8.93546e-08	
-8.93202e-08	1.002e-07	-8.52379e-08	
-8.4931e-08	1.01035e-07	-8.15887e-08	
-8.12166e-08	9.89571e-08	-8.03509e-08	
-8.02223e-08	9.66987e-08	-8.17261e-08	
-8.22033e-08	8.2354e-08	-9.87394e-08	
-1.00046e-07	7.7301e-08	-1.05763e-07	
-1.06738e-07	8.20598e-08	-9.88965e-08	
-9.84087e-08	9.25336e-08	-8.75572e-08	
-8.58805e-08	1.0124e-07	-8.14029e-08	
-7.95587e-08	1.017e-07	-8.30046e-08	
-8.20913e-08	9.5049e-08	-8.9567e-08	
-9.02148e-08	8.80005e-08	-9.57257e-08	
-9.73709e-08	8.55521e-08	-9.7067e-08	
-9.81679e-08	8.8369e-08	-9.369e-08	
-9.32786e-08	9.36902e-08	-8.93579e-08	
-8.08495e-08	1.04016e-07	-8.0292e-08	
-7.53417e-08	1.07064e-07	-7.49321e-08	
-7.51309e-08	1.00105e-07	-7.45026e-08	
-7.88768e-08	9.4539e-08	-7.99727e-08	
-8.41241e-08	9.45658e-08	-8.59682e-08	
-8.87465e-08	9.77587e-08	-8.95241e-08	
-8.93785e-08	9.98241e-08	-8.97343e-08	
-8.73616e-08	9.86113e-08	-8.67749e-08	
-8.58436e-08	9.52262e-08	-8.49017e-08	
-8.47735e-08	9.22564e-08	-8.64514e-08	
-8.71497e-08	9.34369e-08	-9.08581e-08	
-9.17137e-08	9.39084e-08	-9.25377e-08	
-9.54756e-08	9.26167e-08	-9.34916e-08	
-9.39195e-08	9.05999e-08	-9.35375e-08	
-9.17708e-08	9.10961e-08	-9.27947e-08	
-9.07295e-08	9.17248e-08	-9.09761e-08	
-9.07691e-08	9.26825e-08	-9.02277e-08	
-9.11871e-08	9.41495e-08	-8.99286e-08	
-9.10031e-08	9.45715e-08	-8.90286e-08	
-8.93547e-08	9.53666e-08	-8.93431e-08	
-8.655e-08	9.6867e-08	-8.80712e-08	
-8.61949e-08	1.05253e-07	-7.803e-08	
-7.77357e-08	1.05023e-07	-7.34237e-08	
-7.45333e-08	9.87692e-08	-7.51474e-08	
-7.71746e-08	9.38668e-08	-8.12788e-08	
-8.33278e-08	9.38602e-08	-8.80047e-08	
-8.89541e-08	9.70131e-08	-9.12512e-08	
-9.06203e-08	9.95734e-08	-8.95473e-08	
-8.80302e-08	9.95171e-08	-8.50678e-08	
-8.38603e-08	9.79244e-08	-8.12674e-08	
-8.10825e-08	9.699e-08	-8.0226e-08	
-8.09753e-08	9.74856e-08	-8.19081e-08	
-9.73213e-08	8.48207e-08	-9.89981e-08	
-1.04982e-07	7.99021e-08	-1.05742e-07	
-9.92837e-08	8.34857e-08	-9.85703e-08	
-8.84641e-08	9.20684e-08	-8.72202e-08	
-8.20935e-08	9.9512e-08	-8.13199e-08	
-8.31844e-08	1.00493e-07	-8.32462e-08	
-8.92992e-08	9.5435e-08	-8.99547e-08	
-9.53004e-08	8.94703e-08	-9.59223e-08	
-9.68143e-08	8.69304e-08	-9.68917e-08	
-9.37298e-08	8.87636e-08	-9.33194e-08	
-8.95757e-08	9.35938e-08	-7.51478e-08	
-7.31569e-08	1.11634e-07	-6.5926e-08	
-6.53787e-08	1.12557e-07	-6.64399e-08	
-6.71413e-08	9.9068e-08	-7.42306e-08	
-7.634e-08	8.79111e-08	-8.5296e-08	
-8.81084e-08	8.73675e-08	-9.37337e-08	
-9.53698e-08	9.48001e-08	-9.4625e-08	
-9.38307e-08	1.02322e-07	-8.87328e-08	
-8.63372e-08	1.03498e-07	-8.13907e-08	
-7.92189e-08	9.92469e-08	-7.72672e-08	
-7.66004e-08	9.53309e-08	-7.79361e-08	
-7.91998e-08	8.1177e-08	-9.66828e-08	
-9.93558e-08	7.71427e-08	-1.06777e-07	
-1.08341e-07	8.26328e-08	-1.01218e-07	
-1.00068e-07	9.30837e-08	-8.87238e-08	
-8.60303e-08	1.01256e-07	-8.07635e-08	
-7.83827e-08	1.01374e-07	-8.13319e-08	
-8.05552e-08	9.4917e-08	-8.81381e-08	
-8.93274e-08	8.82505e-08	-9.55047e-08	
-9.76027e-08	8.59274e-08	-9.79285e-08	
-9.90245e-08	8.85026e-08	-9.46157e-08	
-9.38473e-08	9.34645e-08	-8.95661e-08	
-8.07481e-08	1.03701e-07	-7.97867e-08	
-7.47736e-08	1.07053e-07	-7.41442e-08	
-7.44566e-08	1.00419e-07	-7.38389e-08	
-7.84028e-08	9.48647e-08	-7.96745e-08	
-8.40195e-08	9.46345e-08	-8.60817e-08	
-8.8978e-08	9.75555e-08	-8.98768e-08	
-8.97236e-08	9.95699e-08	-9.00416e-08	
-8.75732e-08	9.85373e-08	-8.6849e-08	
-8.5818e-08	9.53595e-08	-8.47506e-08	
-8.4574e-08	9.24525e-08	-8.62138e-08	
-8.69298e-08	9.35432e-08	-9.07e-08	
-9.16185e-08	9.38703e-08	-9.25492e-08	
-9.55469e-08	9.24943e-08	-9.36251e-08	
-9.4065e-08	9.04951e-08	-9.36634e-08	
-9.18609e-08	9.1073e-08	-9.2818e-08	
-9.07077e-08	9.17815e-08	-9.09024e-08	
-9.0675e-08	9.27651e-08	-9.01326e-08	
-9.11049e-08	9.4196e-08	-8.98842e-08	
-9.09905e-08	9.45559e-08	-8.90539e-08	
-8.94061e-08	9.5313e-08	-8.94046e-08	
-8.6617e-08	9.6824e-08	-8.81193e-08	
-8.62311e-08	1.05253e-07	-7.8038e-08	
-7.77255e-08	1.05056e-07	-7.3396e-08	
-7.449e-08	9.8795e-08	-7.51022e-08	
-7.71233e-08	9.38667e-08	-8.12386e-08	
-8.32946e-08	9.38435e-08	-8.79898e-08	
-8.8954e-08	9.69989e-08	-9.12655e-08	
-9.06461e-08	9.95725e-08	-8.95747e-08	
-8.80582e-08	9.9525e-08	-8.50871e-08	
-8.38717e-08	9.79301e-08	-8.12684e-08	
-8.10741e-08	9.69888e-08	-8.0212e-08	
-8.0956e-08	9.74817e-08	-8.18898e-08	
-9.73057e-08	8.48198e-08	-9.89881e-08	
-1.04982e-07	7.99048e-08	-1.05747e-07	
-9.92958e-08	8.34892e-08	-9.85814e-08	
-8.84742e-08	9.20694e-08	-8.72262e-08	
-8.20945e-08	9.951e-08	-8.13174e-08	
-8.31778e-08	1.00491e-07	-8.32387e-08	
-8.9291e-08	9.54354e-08	-8.99482e-08	
-9.52969e-08	8.94729e-08	-9.59213e-08	
-9.68171e-08	8.69329e-08	-9.68955e-08	
-9.3735e-08	8.8764e-08	-9.33236e-08	
-8.95784e-08	9.3592e-08	-7.51491e-08	
-7.31559e-08	1.11632e-07	-6.59244e-08	
-6.53752e-08	1.12558e-07	-6.64367e-08	
-6.71368e-08	9.90701e-08	-7.42271e-08	
-7.63361e-08	8.79128e-08	-8.52936e-08	
-8.81067e-08	8.73678e-08	-9.37335e-08	
-9.53708e-08	9.47991e-08	-9.46266e-08	
-9.3833e-08	1.0232e-07	-8.87347e-08	
-8.63389e-08	1.03498e-07	-8.13915e-08	
-7.92191e-08	9.92476e-08	-7.72668e-08	
-7.65993e-08	9.53317e-08	-7.79349e-08	
-7.91982e-08	8.11773e-08	-9.66817e-08	
-9.93547e-08	7.71425e-08	-1.06777e-07	
-1.08341e-07	8.26323e-08	-1.01219e-07	
-1.00069e-07	9.30832e-08	-8.87246e-08	
-8.6031e-08	1.01256e-07	-8.07638e-08	
-7.83826e-08	1.01374e-07	-8.13316e-08	
-8.05545e-08	9.49173e-08	-8.81376e-08	
-8.93267e-08	8.82507e-08	-9.55044e-08	
-9.76025e-08	8.59274e-08	-9.79286e-08	
-9.90248e-08	8.85024e-08	-9.4616e-08	
-9.38478e-08	9.34643e-08	-8.95664e-08	
-8.07483e-08	1.03701e-07	-7.97867e-08	
-7.47735e-08	1.07053e-07	-7.4144e-08	
-7.44563e-08	1.00419e-07	-7.38387e-08	
-7.84024e-08	9.48648e-08	-7.96743e-08	
-8.40193e-08	9.46345e-08	-8.60816e-08	
-8.8978e-08	9.75554e-08	-8.98769e-08	
-8.97238e-08	9.95699e-08	-9.00417e-08	
-8.75734e-08	9.85373e-08	-8.68491e-08	
-8.5818e-08	9.53595e-08	-8.47506e-08	
-8.45739e-08	9.24526e-08	-8.62137e-08	
-8.69297e-08	9.35432e-08	-9.06999e-08	
-9.16184e-08	9.38703e-08	-9.25492e-08	
-9.55469e-08	9.24943e-08	-9.36252e-08	
-9.40651e-08	9.04951e-08	-9.36635e-08	
-9.18609e-08	9.1073e-08	-9.2818e-08	
-9.07078e-08	9.17815e-08	-9.09024e-08	
-9.0675e-08	9.27651e-08	-9.01326e-08	
-9.11049e-08	9.4196e-08	-8.98842e-08	
-9.09905e-08	9.45559e-08	-8.90539e-08	
-8.94061e-08	9.5313e-08	-8.94046e-08	
-8.6617e-08	9.6824e-08	-8.81193e-08	
-8.62312e-08	1.05253e-07	-7.8038e-08	
-7.77255e-08	1.05056e-07	-7.3396e-08	
-7.449e-08	9.8795e-08	-7.51021e-08	
-7.71233e-08	9.38667e-08	-8.12386e-08	
-8.32946e-08	9.38435e-08	-8.79898e-08	
-8.8954e-08	9.69989e-08	-9.12655e-08	
-9.06461e-08	9.95725e-08	-8.95747e-08	
-8.80583e-08	9.9525e-08	-8.50871e-08	
-8.38717e-08	9.79301e-08	-8.12684e-08	
-8.10741e-08	9.69888e-08	-8.0212e-08	
-8.0956e-08	9.74817e-08	-8.18898e-08	
-9.73057e-08	8.48198e-08	-9.89881e-08	
-1.04982e-07	7.99048e-08	-1.05747e-07	
-9.92958e-08	8.34892e-08	-9.85815e-08	
-8.84742e-08	9.20694e-08	-8.72262e-08	
-8.20945e-08	9.951e-08	-8.13174e-08	
-8.31778e-08	1.00491e-07	-8.32387e-08	
-8.9291e-08	9.54354e-08	-8.99482e-08	
-9.52969e-08	8.94729e-08	-9.59212e-08	
-9.68171e-08	8.69329e-08	-9.68955e-08	
-9.3735e-08	8.8764e-08	-9.33236e-08	
-8.95794e-08	9.32759e-08	-8.22487e-08	
-8.0512e-08	1.0404e-07	-7.75254e-08	
-7.50288e-08	1.07666e-07	-7.70158e-08	
-7.68487e-08	1.02211e-07	-7.9325e-08	
-8.12677e-08	9.36477e-08	-8.29238e-08	
-8.58359e-08	9.17935e-08	-8.70282e-08	
-8.8517e-08	9.58257e-08	-8.86207e-08	
-8.82766e-08	9.98813e-08	-8.8012e-08	
-8.63078e-08	1.00596e-07	-8.70865e-08	
-8.54134e-08	9.67664e-08	-8.54315e-08	
-8.73294e-08	9.20251e-08	-8.67532e-08	
-8.88278e-08	8.94762e-08	-9.08413e-08	
-9.17641e-08	9.20081e-08	-9.50429e-08	
-9.43415e-08	9.3562e-08	-9.41745e-08	
-9.49085e-08	9.29192e-08	-9.22337e-08	
-9.19349e-08	9.13917e-08	-9.09144e-08	
-9.0109e-08	9.14961e-08	-9.06057e-08	
-9.00199e-08	9.22535e-08	-9.09404e-08	
-9.04031e-08	9.37954e-08	-9.096e-08	
-9.11494e-08	9.58679e-08	-8.95355e-08	
-9.006e-08	9.58361e-08	-8.67876e-08	
-8.71622e-08	9.65955e-08	-8.64926e-08	
-7.64175e-08	1.04782e-07	-7.82414e-08	
-7.20448e-08	1.04642e-07	-7.49655e-08	
-7.45235e-08	9.85252e-08	-7.70807e-08	
-8.15094e-08	9.37223e-08	-8.2647e-08	
-8.87606e-08	9.38723e-08	-8.82129e-08	
-9.19153e-08	9.72498e-08	-9.04462e-08	
-8.96644e-08	9.99183e-08	-8.85071e-08	
-8.46641e-08	9.9699e-08	-8.45195e-08	
-8.06891e-08	9.77805e-08	-8.14222e-08	
-7.98279e-08	9.66245e-08	-8.085e-08	
-8.18734e-08	9.66581e-08	-9.67664e-08	
-9.92936e-08	8.28227e-08	-1.04148e-07	
-1.06103e-07	7.77351e-08	-9.89517e-08	
-9.86986e-08	8.3215e-08	-8.91092e-08	
-8.70495e-08	9.45129e-08	-8.34738e-08	
-8.0916e-08	1.02474e-07	-8.4508e-08	
-8.27721e-08	1.00767e-07	-8.96616e-08	
-8.97134e-08	9.26524e-08	-9.44654e-08	
-9.61519e-08	8.60344e-08	-9.56301e-08	
-9.74294e-08	8.54401e-08	-9.33276e-08	
-9.36891e-08	9.0185e-08	-9.0263e-08	
-8.88934e-08	1.02822e-07	-8.17216e-08	
-7.94123e-08	1.06488e-07	-7.6078e-08	
-7.40868e-08	1.02342e-07	-7.73663e-08	
-7.42421e-08	9.6386e-08	-8.11211e-08	
-8.04407e-08	9.41775e-08	-8.51333e-08	
-8.67685e-08	9.54945e-08	-8.77107e-08	
-9.0046e-08	9.87113e-08	-8.79146e-08	
-8.96595e-08	9.96354e-08	-8.65724e-08	
-8.63137e-08	9.70052e-08	-8.60349e-08	
-8.44972e-08	9.50368e-08	-8.77903e-08	
-8.63478e-08	9.30055e-08	-8.86931e-08	
-9.10571e-08	9.15489e-08	-9.11153e-08	
-9.29366e-08	9.07606e-08	-9.38041e-08	
-9.3863e-08	9.26727e-08	-9.49706e-08	
-9.35902e-08	9.29224e-08	-9.24046e-08	
-9.24833e-08	9.20446e-08	-9.04665e-08	
-9.05904e-08	9.16975e-08	-8.99979e-08	
-9.00768e-08	9.243e-08	-9.01368e-08	
-9.00824e-08	9.39053e-08	-9.0973e-08	
-8.92942e-08	9.5817e-08	-9.0165e-08	
-8.94228e-08	9.77174e-08	-8.74127e-08	
