The program has been initialized with following parameters:
Saturation, Ms = 860000A/m
Length of the strip = 2e-07m
Width = 5e-08m
Thickness = 5e-09m
Exchange stiffness, A = 5e-09J/m
Gilbert damping, alpha = 0.01
Amplitude of oscillating field, H0 = 3200A/m
Frequency of the field, omega = 1.57e+10Hz
Integration time step, Dt = 1e-15s
Initialization completed!
=====================================================================<
0	-9.1427e-12	-2e-07
0	-8.95262e-12	-1.99e-07
0	-8.76474e-12	-1.98e-07
0	-8.57904e-12	-1.97e-07
0	-8.39551e-12	-1.96e-07
0	-8.21414e-12	-1.95e-07
0	-8.03492e-12	-1.94e-07
0	-7.85783e-12	-1.93e-07
0	-7.68287e-12	-1.92e-07
0	-7.51003e-12	-1.91e-07
0	-7.33929e-12	-1.9e-07
0	-7.17064e-12	-1.89e-07
0	-7.00408e-12	-1.88e-07
0	-6.83958e-12	-1.87e-07
0	-6.67714e-12	-1.86e-07
0	-6.51675e-12	-1.85e-07
0	-6.3584e-12	-1.84e-07
0	-6.20207e-12	-1.83e-07
0	-6.04775e-12	-1.82e-07
0	-5.89544e-12	-1.81e-07
0	-5.74512e-12	-1.8e-07
0	-5.59679e-12	-1.79e-07
0	-5.45042e-12	-1.78e-07
0	-5.306e-12	-1.77e-07
0	-5.16354e-12	-1.76e-07
0	-5.02301e-12	-1.75e-07
0	-4.88441e-12	-1.74e-07
0	-4.74772e-12	-1.73e-07
0	-4.61293e-12	-1.72e-07
0	-4.48003e-12	-1.71e-07
0	-4.34902e-12	-1.7e-07
0	-4.21987e-12	-1.69e-07
0	-4.09258e-12	-1.68e-07
0	-3.96714e-12	-1.67e-07
0	-3.84353e-12	-1.66e-07
0	-3.72174e-12	-1.65e-07
0	-3.60177e-12	-1.64e-07
0	-3.4836e-12	-1.63e-07
0	-3.36722e-12	-1.62e-07
0	-3.25262e-12	-1.61e-07
0	-3.13979e-12	-1.6e-07
0	-3.02871e-12	-1.59e-07
0	-2.91938e-12	-1.58e-07
0	-2.81179e-12	-1.57e-07
0	-2.70592e-12	-1.56e-07
0	-2.60176e-12	-1.55e-07
0	-2.4993e-12	-1.54e-07
0	-2.39853e-12	-1.53e-07
0	-2.29944e-12	-1.52e-07
0	-2.20202e-12	-1.51e-07
0	-2.10625e-12	-1.5e-07
0	-2.01213e-12	-1.49e-07
0	-1.91964e-12	-1.48e-07
0	-1.82878e-12	-1.47e-07
0	-1.73952e-12	-1.46e-07
0	-1.65187e-12	-1.45e-07
0	-1.56581e-12	-1.44e-07
0	-1.48132e-12	-1.43e-07
0	-1.3984e-12	-1.42e-07
0	-1.31704e-12	-1.41e-07
0	-1.23722e-12	-1.4e-07
0	-1.15893e-12	-1.39e-07
0	-1.08217e-12	-1.38e-07
0	-1.00692e-12	-1.37e-07
0	-9.33165e-13	-1.36e-07
0	-8.60901e-13	-1.35e-07
0	-7.90113e-13	-1.34e-07
0	-7.20792e-13	-1.33e-07
0	-6.52926e-13	-1.32e-07
0	-5.86504e-13	-1.31e-07
0	-5.21514e-13	-1.3e-07
0	-4.57946e-13	-1.29e-07
0	-3.95787e-13	-1.28e-07
0	-3.35028e-13	-1.27e-07
0	-2.75657e-13	-1.26e-07
0	-2.17663e-13	-1.25e-07
0	-1.61033e-13	-1.24e-07
0	-1.05759e-13	-1.23e-07
0	-5.18268e-14	-1.22e-07
0	7.72956e-16	-1.21e-07
0	5.2052e-14	-1.2e-07
0	1.02021e-13	-1.19e-07
0	1.50693e-13	-1.18e-07
0	1.98077e-13	-1.17e-07
0	2.44184e-13	-1.16e-07
0	2.89027e-13	-1.15e-07
0	3.32617e-13	-1.14e-07
0	3.74964e-13	-1.13e-07
0	4.1608e-13	-1.12e-07
0	4.55975e-13	-1.11e-07
0	4.94662e-13	-1.1e-07
0	5.32151e-13	-1.09e-07
0	5.68453e-13	-1.08e-07
0	6.03581e-13	-1.07e-07
0	6.37544e-13	-1.06e-07
0	6.70353e-13	-1.05e-07
0	7.02022e-13	-1.04e-07
0	7.32559e-13	-1.03e-07
0	7.61977e-13	-1.02e-07
0	7.90287e-13	-1.01e-07
0	8.175e-13	-1e-07
0	8.43627e-13	-9.9e-08
0	8.68679e-13	-9.8e-08
0	8.92668e-13	-9.7e-08
0	9.15604e-13	-9.6e-08
0	9.37499e-13	-9.5e-08
0	9.58365e-13	-9.4e-08
0	9.78211e-13	-9.3e-08
0	9.9705e-13	-9.2e-08
0	1.01489e-12	-9.1e-08
0	1.03175e-12	-9e-08
0	1.04763e-12	-8.9e-08
0	1.06255e-12	-8.8e-08
0	1.07652e-12	-8.7e-08
0	1.08955e-12	-8.6e-08
0	1.10165e-12	-8.5e-08
0	1.11283e-12	-8.4e-08
0	1.1231e-12	-8.3e-08
0	1.13248e-12	-8.2e-08
0	1.14098e-12	-8.1e-08
0	1.1486e-12	-8e-08
0	1.15535e-12	-7.9e-08
0	1.16126e-12	-7.8e-08
0	1.16633e-12	-7.7e-08
0	1.17057e-12	-7.6e-08
0	1.17399e-12	-7.5e-08
0	1.1766e-12	-7.4e-08
0	1.17842e-12	-7.3e-08
0	1.17946e-12	-7.2e-08
0	1.17972e-12	-7.1e-08
0	1.17922e-12	-7e-08
0	1.17797e-12	-6.9e-08
0	1.17598e-12	-6.8e-08
0	1.17327e-12	-6.7e-08
0	1.16984e-12	-6.6e-08
0	1.1657e-12	-6.5e-08
0	1.16086e-12	-6.4e-08
0	1.15535e-12	-6.3e-08
0	1.14916e-12	-6.2e-08
0	1.14231e-12	-6.1e-08
0	1.13481e-12	-6e-08
0	1.12667e-12	-5.9e-08
0	1.11791e-12	-5.8e-08
0	1.10853e-12	-5.7e-08
0	1.09854e-12	-5.6e-08
0	1.08796e-12	-5.5e-08
0	1.0768e-12	-5.4e-08
0	1.06507e-12	-5.3e-08
0	1.05277e-12	-5.2e-08
0	1.03993e-12	-5.1e-08
0	1.02655e-12	-5e-08
0	1.01264e-12	-4.9e-08
0	9.9822e-13	-4.8e-08
0	9.83292e-13	-4.7e-08
0	9.67872e-13	-4.6e-08
0	9.5197e-13	-4.5e-08
0	9.35596e-13	-4.4e-08
0	9.18764e-13	-4.3e-08
0	9.01483e-13	-4.2e-08
0	8.83764e-13	-4.1e-08
0	8.6562e-13	-4e-08
0	8.47061e-13	-3.9e-08
0	8.28098e-13	-3.8e-08
0	8.08743e-13	-3.7e-08
0	7.89006e-13	-3.6e-08
0	7.68899e-13	-3.5e-08
0	7.48434e-13	-3.4e-08
0	7.27621e-13	-3.3e-08
0	7.06471e-13	-3.2e-08
0	6.84995e-13	-3.1e-08
0	6.63206e-13	-3e-08
0	6.41114e-13	-2.9e-08
0	6.18729e-13	-2.8e-08
0	5.96064e-13	-2.7e-08
0	5.7313e-13	-2.6e-08
0	5.49937e-13	-2.5e-08
0	5.26498e-13	-2.4e-08
0	5.02822e-13	-2.3e-08
0	4.78922e-13	-2.2e-08
0	4.54808e-13	-2.1e-08
0	4.30492e-13	-2e-08
0	4.05985e-13	-1.9e-08
0	3.81297e-13	-1.8e-08
0	3.56441e-13	-1.7e-08
0	3.31428e-13	-1.6e-08
0	3.06268e-13	-1.5e-08
0	2.80972e-13	-1.4e-08
0	2.55553e-13	-1.3e-08
0	2.3002e-13	-1.2e-08
0	2.04386e-13	-1.1e-08
0	1.78662e-13	-1e-08
0	1.52858e-13	-9e-09
0	1.26986e-13	-8e-09
0	1.01057e-13	-7e-09
0	7.50827e-14	-6e-09
0	4.90735e-14	-5e-09
0	2.30409e-14	-4e-09
0	-3.00399e-15	-3e-09
0	-2.90499e-14	-2e-09
0	-5.50856e-14	-1e-09
0	-8.11e-14	0
0	-1.07082e-13	1e-09
0	-1.3302e-13	2e-09
0	-1.58903e-13	3e-09
0	-1.84721e-13	4e-09
0	-2.10461e-13	5e-09
0	-2.36112e-13	6e-09
0	-2.61664e-13	7e-09
0	-2.87105e-13	8e-09
0	-3.12424e-13	9e-09
0	-3.3761e-13	1e-08
0	-3.62652e-13	1.1e-08
0	-3.87538e-13	1.2e-08
0	-4.12257e-13	1.3e-08
0	-4.36798e-13	1.4e-08
0	-4.6115e-13	1.5e-08
0	-4.85302e-13	1.6e-08
0	-5.09243e-13	1.7e-08
0	-5.32961e-13	1.8e-08
0	-5.56445e-13	1.9e-08
0	-5.79684e-13	2e-08
0	-6.02667e-13	2.1e-08
0	-6.25382e-13	2.2e-08
0	-6.47819e-13	2.3e-08
0	-6.69966e-13	2.4e-08
0	-6.91813e-13	2.5e-08
0	-7.13347e-13	2.6e-08
0	-7.34557e-13	2.7e-08
0	-7.55434e-13	2.8e-08
0	-7.75964e-13	2.9e-08
0	-7.96138e-13	3e-08
0	-8.15944e-13	3.1e-08
0	-8.3537e-13	3.2e-08
0	-8.54406e-13	3.3e-08
0	-8.73041e-13	3.4e-08
0	-8.91263e-13	3.5e-08
0	-9.0906e-13	3.6e-08
0	-9.26423e-13	3.7e-08
0	-9.43339e-13	3.8e-08
0	-9.59798e-13	3.9e-08
0	-9.75788e-13	4e-08
0	-9.91298e-13	4.1e-08
0	-1.00632e-12	4.2e-08
0	-1.02083e-12	4.3e-08
0	-1.03484e-12	4.4e-08
0	-1.04832e-12	4.5e-08
0	-1.06126e-12	4.6e-08
0	-1.07366e-12	4.7e-08
0	-1.08549e-12	4.8e-08
0	-1.09676e-12	4.9e-08
0	-1.10745e-12	5e-08
0	-1.11755e-12	5.1e-08
0	-1.12704e-12	5.2e-08
0	-1.13592e-12	5.3e-08
0	-1.14417e-12	5.4e-08
0	-1.15179e-12	5.5e-08
0	-1.15876e-12	5.6e-08
0	-1.16507e-12	5.7e-08
0	-1.17071e-12	5.8e-08
0	-1.17567e-12	5.9e-08
0	-1.17994e-12	6e-08
0	-1.1835e-12	6.1e-08
0	-1.18635e-12	6.2e-08
0	-1.18848e-12	6.3e-08
0	-1.18986e-12	6.4e-08
0	-1.1905e-12	6.5e-08
0	-1.19038e-12	6.6e-08
0	-1.18949e-12	6.7e-08
0	-1.18781e-12	6.8e-08
0	-1.18535e-12	6.9e-08
0	-1.18207e-12	7e-08
0	-1.17799e-12	7.1e-08
0	-1.17307e-12	7.2e-08
0	-1.16732e-12	7.3e-08
0	-1.16072e-12	7.4e-08
0	-1.15326e-12	7.5e-08
0	-1.14493e-12	7.6e-08
0	-1.13572e-12	7.7e-08
0	-1.12561e-12	7.8e-08
0	-1.1146e-12	7.9e-08
0	-1.10267e-12	8e-08
0	-1.08981e-12	8.1e-08
0	-1.07602e-12	8.2e-08
0	-1.06127e-12	8.3e-08
0	-1.04557e-12	8.4e-08
0	-1.02889e-12	8.5e-08
0	-1.01123e-12	8.6e-08
0	-9.92578e-13	8.7e-08
0	-9.72919e-13	8.8e-08
0	-9.52242e-13	8.9e-08
0	-9.30538e-13	9e-08
0	-9.07795e-13	9.1e-08
0	-8.84001e-13	9.2e-08
0	-8.59146e-13	9.3e-08
0	-8.33218e-13	9.4e-08
0	-8.06206e-13	9.5e-08
0	-7.781e-13	9.6e-08
0	-7.48887e-13	9.7e-08
0	-7.18557e-13	9.8e-08
0	-6.87098e-13	9.9e-08
0	-6.545e-13	1e-07
0	-6.20751e-13	1.01e-07
0	-5.85839e-13	1.02e-07
0	-5.49755e-13	1.03e-07
0	-5.12485e-13	1.04e-07
0	-4.7402e-13	1.05e-07
0	-4.34349e-13	1.06e-07
0	-3.93459e-13	1.07e-07
0	-3.5134e-13	1.08e-07
0	-3.07981e-13	1.09e-07
0	-2.6337e-13	1.1e-07
0	-2.17496e-13	1.11e-07
0	-1.70349e-13	1.12e-07
0	-1.21916e-13	1.13e-07
0	-7.2187e-14	1.14e-07
0	-2.11505e-14	1.15e-07
0	3.12047e-14	1.16e-07
0	8.48898e-14	1.17e-07
0	1.39916e-13	1.18e-07
0	1.96294e-13	1.19e-07
0	2.54036e-13	1.2e-07
0	3.13152e-13	1.21e-07
0	3.73655e-13	1.22e-07
0	4.35554e-13	1.23e-07
0	4.98861e-13	1.24e-07
0	5.63588e-13	1.25e-07
0	6.29745e-13	1.26e-07
0	6.97343e-13	1.27e-07
0	7.66395e-13	1.28e-07
0	8.36911e-13	1.29e-07
0	9.08902e-13	1.3e-07
0	9.82379e-13	1.31e-07
0	1.05735e-12	1.32e-07
0	1.13384e-12	1.33e-07
0	1.21184e-12	1.34e-07
0	1.29138e-12	1.35e-07
0	1.37245e-12	1.36e-07
0	1.45509e-12	1.37e-07
0	1.53928e-12	1.38e-07
0	1.62505e-12	1.39e-07
0	1.71241e-12	1.4e-07
0	1.80137e-12	1.41e-07
0	1.89194e-12	1.42e-07
0	1.98412e-12	1.43e-07
0	2.07794e-12	1.44e-07
0	2.1734e-12	1.45e-07
0	2.27052e-12	1.46e-07
0	2.3693e-12	1.47e-07
0	2.46976e-12	1.48e-07
0	2.57191e-12	1.49e-07
0	2.67575e-12	1.5e-07
0	2.7813e-12	1.51e-07
0	2.88858e-12	1.52e-07
0	2.99759e-12	1.53e-07
0	3.10834e-12	1.54e-07
0	3.22085e-12	1.55e-07
0	3.33512e-12	1.56e-07
0	3.45117e-12	1.57e-07
0	3.56901e-12	1.58e-07
0	3.68865e-12	1.59e-07
0	3.8101e-12	1.6e-07
0	3.93337e-12	1.61e-07
0	4.05848e-12	1.62e-07
0	4.18542e-12	1.63e-07
0	4.31423e-12	1.64e-07
0	4.4449e-12	1.65e-07
0	4.57745e-12	1.66e-07
0	4.71189e-12	1.67e-07
0	4.84822e-12	1.68e-07
0	4.98647e-12	1.69e-07
0	5.12665e-12	1.7e-07
0	5.26875e-12	1.71e-07
0	5.4128e-12	1.72e-07
0	5.55881e-12	1.73e-07
0	5.70678e-12	1.74e-07
0	5.85674e-12	1.75e-07
0	6.00868e-12	1.76e-07
0	6.16262e-12	1.77e-07
0	6.31858e-12	1.78e-07
0	6.47656e-12	1.79e-07
0	6.63657e-12	1.8e-07
0	6.79863e-12	1.81e-07
0	6.96275e-12	1.82e-07
0	7.12893e-12	1.83e-07
0	7.29719e-12	1.84e-07
0	7.46755e-12	1.85e-07
0	7.64e-12	1.86e-07
0	7.81457e-12	1.87e-07
0	7.99126e-12	1.88e-07
0	8.17009e-12	1.89e-07
0	8.35106e-12	1.9e-07
0	8.53419e-12	1.91e-07
0	8.71949e-12	1.92e-07
0	8.90697e-12	1.93e-07
0	9.09664e-12	1.94e-07
0	9.28851e-12	1.95e-07
0	9.4826e-12	1.96e-07
0	9.67891e-12	1.97e-07
0	9.87746e-12	1.98e-07
0	1.00782e-11	1.99e-07
