2.8869e-19	-9.1427e-12	-2e-07
2.79643e-19	-8.95262e-12	-1.99e-07
2.70784e-19	-8.76474e-12	-1.98e-07
2.62112e-19	-8.57904e-12	-1.97e-07
2.53625e-19	-8.39551e-12	-1.96e-07
2.45321e-19	-8.21414e-12	-1.95e-07
2.37196e-19	-8.03492e-12	-1.94e-07
2.2925e-19	-7.85783e-12	-1.93e-07
2.2148e-19	-7.68287e-12	-1.92e-07
2.13884e-19	-7.51003e-12	-1.91e-07
2.06459e-19	-7.33929e-12	-1.9e-07
1.99204e-19	-7.17064e-12	-1.89e-07
1.92117e-19	-7.00408e-12	-1.88e-07
1.85195e-19	-6.83958e-12	-1.87e-07
1.78437e-19	-6.67714e-12	-1.86e-07
1.7184e-19	-6.51675e-12	-1.85e-07
1.65403e-19	-6.3584e-12	-1.84e-07
1.59123e-19	-6.20207e-12	-1.83e-07
1.52998e-19	-6.04775e-12	-1.82e-07
1.47027e-19	-5.89544e-12	-1.81e-07
1.41207e-19	-5.74512e-12	-1.8e-07
1.35536e-19	-5.59679e-12	-1.79e-07
1.30012e-19	-5.45042e-12	-1.78e-07
1.24634e-19	-5.306e-12	-1.77e-07
1.194e-19	-5.16354e-12	-1.76e-07
1.14307e-19	-5.02301e-12	-1.75e-07
1.09353e-19	-4.88441e-12	-1.74e-07
1.04537e-19	-4.74772e-12	-1.73e-07
9.98571e-20	-4.61293e-12	-1.72e-07
9.53108e-20	-4.48003e-12	-1.71e-07
9.08964e-20	-4.34902e-12	-1.7e-07
8.66121e-20	-4.21987e-12	-1.69e-07
8.2456e-20	-4.09258e-12	-1.68e-07
7.84263e-20	-3.96714e-12	-1.67e-07
7.45212e-20	-3.84353e-12	-1.66e-07
7.07387e-20	-3.72174e-12	-1.65e-07
6.70771e-20	-3.60177e-12	-1.64e-07
6.35345e-20	-3.4836e-12	-1.63e-07
6.01093e-20	-3.36722e-12	-1.62e-07
5.67995e-20	-3.25262e-12	-1.61e-07
5.36034e-20	-3.13979e-12	-1.6e-07
5.05193e-20	-3.02871e-12	-1.59e-07
4.75454e-20	-2.91938e-12	-1.58e-07
4.468e-20	-2.81179e-12	-1.57e-07
4.19213e-20	-2.70592e-12	-1.56e-07
3.92676e-20	-2.60176e-12	-1.55e-07
3.67172e-20	-2.4993e-12	-1.54e-07
3.42684e-20	-2.39853e-12	-1.53e-07
3.19196e-20	-2.29944e-12	-1.52e-07
2.9669e-20	-2.20202e-12	-1.51e-07
2.7515e-20	-2.10625e-12	-1.5e-07
2.54559e-20	-2.01213e-12	-1.49e-07
2.34902e-20	-1.91964e-12	-1.48e-07
2.16161e-20	-1.82878e-12	-1.47e-07
1.98321e-20	-1.73952e-12	-1.46e-07
1.81365e-20	-1.65187e-12	-1.45e-07
1.65278e-20	-1.56581e-12	-1.44e-07
1.50044e-20	-1.48132e-12	-1.43e-07
1.35647e-20	-1.3984e-12	-1.42e-07
1.22071e-20	-1.31704e-12	-1.41e-07
1.09301e-20	-1.23722e-12	-1.4e-07
9.73213e-21	-1.15893e-12	-1.39e-07
8.6117e-21	-1.08217e-12	-1.38e-07
7.56728e-21	-1.00692e-12	-1.37e-07
6.59737e-21	-9.33165e-13	-1.36e-07
5.70046e-21	-8.60901e-13	-1.35e-07
4.87507e-21	-7.90113e-13	-1.34e-07
4.11974e-21	-7.20792e-13	-1.33e-07
3.43301e-21	-6.52926e-13	-1.32e-07
2.81341e-21	-5.86504e-13	-1.31e-07
2.25952e-21	-5.21514e-13	-1.3e-07
1.76991e-21	-4.57946e-13	-1.29e-07
1.34316e-21	-3.95787e-13	-1.28e-07
9.77867e-22	-3.35028e-13	-1.27e-07
6.72639e-22	-2.75657e-13	-1.26e-07
4.26094e-22	-2.17663e-13	-1.25e-07
2.36859e-22	-1.61033e-13	-1.24e-07
1.03576e-22	-1.05759e-13	-1.23e-07
2.48943e-23	-5.18268e-14	-1.22e-07
-5.22074e-25	7.72956e-16	-1.21e-07
2.6e-23	5.2052e-14	-1.2e-07
1.03145e-22	1.02021e-13	-1.19e-07
2.2961e-22	1.50693e-13	-1.18e-07
4.04102e-22	1.98077e-13	-1.17e-07
6.25338e-22	2.44184e-13	-1.16e-07
8.92049e-22	2.89027e-13	-1.15e-07
1.20297e-21	3.32617e-13	-1.14e-07
1.55687e-21	3.74964e-13	-1.13e-07
1.95249e-21	4.1608e-13	-1.12e-07
2.38862e-21	4.55975e-13	-1.11e-07
2.86404e-21	4.94662e-13	-1.1e-07
3.37755e-21	5.32151e-13	-1.09e-07
3.92795e-21	5.68453e-13	-1.08e-07
4.51406e-21	6.03581e-13	-1.07e-07
5.13472e-21	6.37544e-13	-1.06e-07
5.78876e-21	6.70353e-13	-1.05e-07
6.47505e-21	7.02022e-13	-1.04e-07
7.19243e-21	7.32559e-13	-1.03e-07
7.93979e-21	7.61977e-13	-1.02e-07
8.71602e-21	7.90287e-13	-1.01e-07
9.52e-21	8.175e-13	-1e-07
1.03507e-20	8.43627e-13	-9.9e-08
1.12069e-20	8.68679e-13	-9.8e-08
1.20877e-20	8.92668e-13	-9.7e-08
1.29919e-20	9.15604e-13	-9.6e-08
1.39185e-20	9.37499e-13	-9.5e-08
1.48665e-20	9.58365e-13	-9.4e-08
1.58349e-20	9.78211e-13	-9.3e-08
1.68226e-20	9.9705e-13	-9.2e-08
1.78287e-20	1.01489e-12	-9.1e-08
1.88521e-20	1.03175e-12	-9e-08
1.98919e-20	1.04763e-12	-8.9e-08
2.0947e-20	1.06255e-12	-8.8e-08
2.20166e-20	1.07652e-12	-8.7e-08
2.30998e-20	1.08955e-12	-8.6e-08
2.41954e-20	1.10165e-12	-8.5e-08
2.53027e-20	1.11283e-12	-8.4e-08
2.64208e-20	1.1231e-12	-8.3e-08
2.75487e-20	1.13248e-12	-8.2e-08
2.86855e-20	1.14098e-12	-8.1e-08
2.98303e-20	1.1486e-12	-8e-08
3.09824e-20	1.15535e-12	-7.9e-08
3.21407e-20	1.16126e-12	-7.8e-08
3.33046e-20	1.16633e-12	-7.7e-08
3.44731e-20	1.17057e-12	-7.6e-08
3.56455e-20	1.17399e-12	-7.5e-08
3.68208e-20	1.1766e-12	-7.4e-08
3.79984e-20	1.17842e-12	-7.3e-08
3.91774e-20	1.17946e-12	-7.2e-08
4.03571e-20	1.17972e-12	-7.1e-08
4.15366e-20	1.17922e-12	-7e-08
4.27153e-20	1.17797e-12	-6.9e-08
4.38923e-20	1.17598e-12	-6.8e-08
4.5067e-20	1.17327e-12	-6.7e-08
4.62386e-20	1.16984e-12	-6.6e-08
4.74064e-20	1.1657e-12	-6.5e-08
4.85698e-20	1.16086e-12	-6.4e-08
4.97279e-20	1.15535e-12	-6.3e-08
5.08802e-20	1.14916e-12	-6.2e-08
5.2026e-20	1.14231e-12	-6.1e-08
5.31646e-20	1.13481e-12	-6e-08
5.42954e-20	1.12667e-12	-5.9e-08
5.54178e-20	1.11791e-12	-5.8e-08
5.65311e-20	1.10853e-12	-5.7e-08
5.76346e-20	1.09854e-12	-5.6e-08
5.87279e-20	1.08796e-12	-5.5e-08
5.98104e-20	1.0768e-12	-5.4e-08
6.08814e-20	1.06507e-12	-5.3e-08
6.19403e-20	1.05277e-12	-5.2e-08
6.29867e-20	1.03993e-12	-5.1e-08
6.402e-20	1.02655e-12	-5e-08
6.50396e-20	1.01264e-12	-4.9e-08
6.60451e-20	9.9822e-13	-4.8e-08
6.70359e-20	9.83292e-13	-4.7e-08
6.80115e-20	9.67872e-13	-4.6e-08
6.89715e-20	9.51969e-13	-4.5e-08
6.99153e-20	9.35596e-13	-4.4e-08
7.08425e-20	9.18764e-13	-4.3e-08
7.17527e-20	9.01483e-13	-4.2e-08
7.26454e-20	8.83764e-13	-4.1e-08
7.35201e-20	8.6562e-13	-4e-08
7.43765e-20	8.47061e-13	-3.9e-08
7.52141e-20	8.28098e-13	-3.8e-08
7.60325e-20	8.08743e-13	-3.7e-08
7.68314e-20	7.89006e-13	-3.6e-08
7.76104e-20	7.68899e-13	-3.5e-08
7.83691e-20	7.48434e-13	-3.4e-08
7.91072e-20	7.27621e-13	-3.3e-08
7.98242e-20	7.06471e-13	-3.2e-08
8.052e-20	6.84995e-13	-3.1e-08
8.11941e-20	6.63206e-13	-3e-08
8.18463e-20	6.41114e-13	-2.9e-08
8.24762e-20	6.18729e-13	-2.8e-08
8.30837e-20	5.96064e-13	-2.7e-08
8.36683e-20	5.7313e-13	-2.6e-08
8.42298e-20	5.49937e-13	-2.5e-08
8.47681e-20	5.26498e-13	-2.4e-08
8.52828e-20	5.02822e-13	-2.3e-08
8.57737e-20	4.78922e-13	-2.2e-08
8.62405e-20	4.54808e-13	-2.1e-08
8.66832e-20	4.30492e-13	-2e-08
8.71015e-20	4.05985e-13	-1.9e-08
8.74951e-20	3.81297e-13	-1.8e-08
8.7864e-20	3.56441e-13	-1.7e-08
8.82079e-20	3.31428e-13	-1.6e-08
8.85268e-20	3.06267e-13	-1.5e-08
8.88204e-20	2.80972e-13	-1.4e-08
8.90887e-20	2.55553e-13	-1.3e-08
8.93315e-20	2.3002e-13	-1.2e-08
8.95487e-20	2.04386e-13	-1.1e-08
8.97402e-20	1.78662e-13	-1e-08
8.9906e-20	1.52858e-13	-9e-09
9.00459e-20	1.26986e-13	-8e-09
9.016e-20	1.01057e-13	-7e-09
9.0248e-20	7.50827e-14	-6e-09
9.03101e-20	4.90735e-14	-5e-09
9.03462e-20	2.30409e-14	-4e-09
9.03562e-20	-3.00399e-15	-3e-09
9.03402e-20	-2.90499e-14	-2e-09
9.02981e-20	-5.50856e-14	-1e-09
9.023e-20	-8.11e-14	0
9.01359e-20	-1.07082e-13	1e-09
9.00159e-20	-1.3302e-13	2e-09
8.98699e-20	-1.58903e-13	3e-09
8.96981e-20	-1.84721e-13	4e-09
8.95005e-20	-2.10461e-13	5e-09
8.92772e-20	-2.36112e-13	6e-09
8.90283e-20	-2.61664e-13	7e-09
8.87539e-20	-2.87105e-13	8e-09
8.84541e-20	-3.12424e-13	9e-09
8.81291e-20	-3.3761e-13	1e-08
8.77789e-20	-3.62652e-13	1.1e-08
8.74038e-20	-3.87538e-13	1.2e-08
8.70039e-20	-4.12257e-13	1.3e-08
8.65794e-20	-4.36798e-13	1.4e-08
8.61304e-20	-4.6115e-13	1.5e-08
8.56571e-20	-4.85302e-13	1.6e-08
8.51598e-20	-5.09243e-13	1.7e-08
8.46387e-20	-5.32961e-13	1.8e-08
8.4094e-20	-5.56445e-13	1.9e-08
8.35259e-20	-5.79684e-13	2e-08
8.29347e-20	-6.02667e-13	2.1e-08
8.23207e-20	-6.25382e-13	2.2e-08
8.16841e-20	-6.47819e-13	2.3e-08
8.10251e-20	-6.69966e-13	2.4e-08
8.03442e-20	-6.91813e-13	2.5e-08
7.96416e-20	-7.13347e-13	2.6e-08
7.89176e-20	-7.34557e-13	2.7e-08
7.81726e-20	-7.55434e-13	2.8e-08
7.74069e-20	-7.75964e-13	2.9e-08
7.66208e-20	-7.96138e-13	3e-08
7.58147e-20	-8.15944e-13	3.1e-08
7.4989e-20	-8.3537e-13	3.2e-08
7.41441e-20	-8.54406e-13	3.3e-08
7.32804e-20	-8.73041e-13	3.4e-08
7.23982e-20	-8.91262e-13	3.5e-08
7.1498e-20	-9.0906e-13	3.6e-08
7.05802e-20	-9.26423e-13	3.7e-08
6.96453e-20	-9.43339e-13	3.8e-08
6.86937e-20	-9.59798e-13	3.9e-08
6.77258e-20	-9.75788e-13	4e-08
6.67423e-20	-9.91298e-13	4.1e-08
6.57434e-20	-1.00632e-12	4.2e-08
6.47298e-20	-1.02083e-12	4.3e-08
6.37019e-20	-1.03484e-12	4.4e-08
6.26603e-20	-1.04832e-12	4.5e-08
6.16055e-20	-1.06126e-12	4.6e-08
6.0538e-20	-1.07366e-12	4.7e-08
5.94583e-20	-1.08549e-12	4.8e-08
5.83672e-20	-1.09676e-12	4.9e-08
5.7265e-20	-1.10745e-12	5e-08
5.61525e-20	-1.11755e-12	5.1e-08
5.50301e-20	-1.12704e-12	5.2e-08
5.38986e-20	-1.13592e-12	5.3e-08
5.27585e-20	-1.14417e-12	5.4e-08
5.16104e-20	-1.15179e-12	5.5e-08
5.04551e-20	-1.15876e-12	5.6e-08
4.92931e-20	-1.16507e-12	5.7e-08
4.81252e-20	-1.17071e-12	5.8e-08
4.69519e-20	-1.17567e-12	5.9e-08
4.57741e-20	-1.17994e-12	6e-08
4.45923e-20	-1.1835e-12	6.1e-08
4.34073e-20	-1.18635e-12	6.2e-08
4.22198e-20	-1.18848e-12	6.3e-08
4.10306e-20	-1.18986e-12	6.4e-08
3.98404e-20	-1.1905e-12	6.5e-08
3.86499e-20	-1.19038e-12	6.6e-08
3.74599e-20	-1.18949e-12	6.7e-08
3.62711e-20	-1.18781e-12	6.8e-08
3.50845e-20	-1.18535e-12	6.9e-08
3.39007e-20	-1.18207e-12	7e-08
3.27206e-20	-1.17799e-12	7.1e-08
3.1545e-20	-1.17307e-12	7.2e-08
3.03748e-20	-1.16732e-12	7.3e-08
2.92107e-20	-1.16072e-12	7.4e-08
2.80536e-20	-1.15326e-12	7.5e-08
2.69044e-20	-1.14493e-12	7.6e-08
2.5764e-20	-1.13572e-12	7.7e-08
2.46333e-20	-1.12561e-12	7.8e-08
2.35131e-20	-1.1146e-12	7.9e-08
2.24044e-20	-1.10267e-12	8e-08
2.13081e-20	-1.08981e-12	8.1e-08
2.02251e-20	-1.07602e-12	8.2e-08
1.91564e-20	-1.06127e-12	8.3e-08
1.81029e-20	-1.04557e-12	8.4e-08
1.70655e-20	-1.02889e-12	8.5e-08
1.60454e-20	-1.01123e-12	8.6e-08
1.50434e-20	-9.92578e-13	8.7e-08
1.40606e-20	-9.72919e-13	8.8e-08
1.30979e-20	-9.52242e-13	8.9e-08
1.21564e-20	-9.30538e-13	9e-08
1.12372e-20	-9.07795e-13	9.1e-08
1.03412e-20	-8.84001e-13	9.2e-08
9.46954e-21	-8.59146e-13	9.3e-08
8.62327e-21	-8.33218e-13	9.4e-08
7.80346e-21	-8.06206e-13	9.5e-08
7.01122e-21	-7.781e-13	9.6e-08
6.24763e-21	-7.48887e-13	9.7e-08
5.51382e-21	-7.18557e-13	9.8e-08
4.81089e-21	-6.87098e-13	9.9e-08
4.14e-21	-6.545e-13	1e-07
3.50228e-21	-6.20751e-13	1.01e-07
2.89889e-21	-5.85839e-13	1.02e-07
2.33099e-21	-5.49755e-13	1.03e-07
1.79977e-21	-5.12485e-13	1.04e-07
1.30642e-21	-4.7402e-13	1.05e-07
8.52133e-22	-4.34349e-13	1.06e-07
4.38127e-22	-3.93459e-13	1.07e-07
6.56246e-23	-3.5134e-13	1.08e-07
-2.6414e-22	-3.07981e-13	1.09e-07
-5.4992e-22	-2.6337e-13	1.1e-07
-7.90459e-22	-2.17496e-13	1.11e-07
-9.84488e-22	-1.70349e-13	1.12e-07
-1.13073e-21	-1.21916e-13	1.13e-07
-1.22789e-21	-7.2187e-14	1.14e-07
-1.27467e-21	-2.11505e-14	1.15e-07
-1.26975e-21	3.12047e-14	1.16e-07
-1.21181e-21	8.48898e-14	1.17e-07
-1.09952e-21	1.39916e-13	1.18e-07
-9.31531e-22	1.96294e-13	1.19e-07
-7.0648e-22	2.54036e-13	1.2e-07
-4.23001e-22	3.13152e-13	1.21e-07
-7.97133e-23	3.73655e-13	1.22e-07
3.24774e-22	4.35554e-13	1.23e-07
7.91863e-22	4.98861e-13	1.24e-07
1.32297e-21	5.63588e-13	1.25e-07
1.91952e-21	6.29745e-13	1.26e-07
2.58294e-21	6.97343e-13	1.27e-07
3.31469e-21	7.66395e-13	1.28e-07
4.11622e-21	8.36911e-13	1.29e-07
4.989e-21	9.08902e-13	1.3e-07
5.93452e-21	9.82379e-13	1.31e-07
6.95426e-21	1.05735e-12	1.32e-07
8.04973e-21	1.13384e-12	1.33e-07
9.22244e-21	1.21184e-12	1.34e-07
1.04739e-20	1.29138e-12	1.35e-07
1.18057e-20	1.37245e-12	1.36e-07
1.32194e-20	1.45509e-12	1.37e-07
1.47164e-20	1.53928e-12	1.38e-07
1.62984e-20	1.62505e-12	1.39e-07
1.7967e-20	1.71241e-12	1.4e-07
1.97238e-20	1.80137e-12	1.41e-07
2.15703e-20	1.89194e-12	1.42e-07
2.35082e-20	1.98412e-12	1.43e-07
2.55391e-20	2.07794e-12	1.44e-07
2.76646e-20	2.1734e-12	1.45e-07
2.98865e-20	2.27052e-12	1.46e-07
3.22062e-20	2.3693e-12	1.47e-07
3.46256e-20	2.46976e-12	1.48e-07
3.71463e-20	2.57191e-12	1.49e-07
3.977e-20	2.67575e-12	1.5e-07
4.24984e-20	2.7813e-12	1.51e-07
4.53332e-20	2.88858e-12	1.52e-07
4.82761e-20	2.99759e-12	1.53e-07
5.13289e-20	3.10834e-12	1.54e-07
5.44934e-20	3.22085e-12	1.55e-07
5.77712e-20	3.33512e-12	1.56e-07
6.11642e-20	3.45117e-12	1.57e-07
6.46742e-20	3.56901e-12	1.58e-07
6.83029e-20	3.68865e-12	1.59e-07
7.20521e-20	3.8101e-12	1.6e-07
7.59237e-20	3.93337e-12	1.61e-07
7.99194e-20	4.05848e-12	1.62e-07
8.40412e-20	4.18542e-12	1.63e-07
8.82909e-20	4.31423e-12	1.64e-07
9.26703e-20	4.4449e-12	1.65e-07
9.71813e-20	4.57745e-12	1.66e-07
1.01826e-19	4.71189e-12	1.67e-07
1.06606e-19	4.84822e-12	1.68e-07
1.11523e-19	4.98647e-12	1.69e-07
1.16579e-19	5.12665e-12	1.7e-07
1.21777e-19	5.26875e-12	1.71e-07
1.27117e-19	5.4128e-12	1.72e-07
1.32603e-19	5.55881e-12	1.73e-07
1.38236e-19	5.70678e-12	1.74e-07
1.44017e-19	5.85674e-12	1.75e-07
1.4995e-19	6.00868e-12	1.76e-07
1.56035e-19	6.16262e-12	1.77e-07
1.62276e-19	6.31858e-12	1.78e-07
1.68673e-19	6.47656e-12	1.79e-07
1.7523e-19	6.63657e-12	1.8e-07
1.81947e-19	6.79863e-12	1.81e-07
1.88828e-19	6.96275e-12	1.82e-07
1.95873e-19	7.12893e-12	1.83e-07
2.03086e-19	7.29719e-12	1.84e-07
2.10468e-19	7.46755e-12	1.85e-07
2.18022e-19	7.64e-12	1.86e-07
2.25749e-19	7.81457e-12	1.87e-07
2.33652e-19	7.99126e-12	1.88e-07
2.41732e-19	8.17009e-12	1.89e-07
2.49993e-19	8.35106e-12	1.9e-07
2.58435e-19	8.53419e-12	1.91e-07
2.67062e-19	8.71949e-12	1.92e-07
2.75875e-19	8.90697e-12	1.93e-07
2.84876e-19	9.09664e-12	1.94e-07
2.94069e-19	9.28851e-12	1.95e-07
3.03454e-19	9.4826e-12	1.96e-07
3.13035e-19	9.67891e-12	1.97e-07
3.22813e-19	9.87746e-12	1.98e-07
3.3279e-19	1.00782e-11	1.99e-07

