2.07739e-19	-4.63819e-12	-2e-07
2.03139e-19	-4.56355e-12	-1.99e-07
1.98612e-19	-4.48969e-12	-1.98e-07
1.94159e-19	-4.41659e-12	-1.97e-07
1.89779e-19	-4.34427e-12	-1.96e-07
1.8547e-19	-4.27271e-12	-1.95e-07
1.81233e-19	-4.20191e-12	-1.94e-07
1.77066e-19	-4.13187e-12	-1.93e-07
1.72969e-19	-4.06258e-12	-1.92e-07
1.68941e-19	-3.99403e-12	-1.91e-07
1.64981e-19	-3.92623e-12	-1.9e-07
1.61088e-19	-3.85918e-12	-1.89e-07
1.57262e-19	-3.79285e-12	-1.88e-07
1.53502e-19	-3.72727e-12	-1.87e-07
1.49807e-19	-3.66241e-12	-1.86e-07
1.46177e-19	-3.59827e-12	-1.85e-07
1.42611e-19	-3.53486e-12	-1.84e-07
1.39107e-19	-3.47216e-12	-1.83e-07
1.35666e-19	-3.41017e-12	-1.82e-07
1.32287e-19	-3.3489e-12	-1.81e-07
1.28968e-19	-3.28833e-12	-1.8e-07
1.2571e-19	-3.22846e-12	-1.79e-07
1.22511e-19	-3.16929e-12	-1.78e-07
1.19371e-19	-3.11081e-12	-1.77e-07
1.16289e-19	-3.05302e-12	-1.76e-07
1.13265e-19	-2.99592e-12	-1.75e-07
1.10297e-19	-2.9395e-12	-1.74e-07
1.07385e-19	-2.88376e-12	-1.73e-07
1.04529e-19	-2.82869e-12	-1.72e-07
1.01728e-19	-2.77429e-12	-1.71e-07
9.89803e-20	-2.72056e-12	-1.7e-07
9.62864e-20	-2.66749e-12	-1.69e-07
9.36451e-20	-2.61508e-12	-1.68e-07
9.1056e-20	-2.56332e-12	-1.67e-07
8.85183e-20	-2.51221e-12	-1.66e-07
8.60313e-20	-2.46175e-12	-1.65e-07
8.35945e-20	-2.41193e-12	-1.64e-07
8.12073e-20	-2.36276e-12	-1.63e-07
7.88688e-20	-2.31421e-12	-1.62e-07
7.65786e-20	-2.2663e-12	-1.61e-07
7.4336e-20	-2.21901e-12	-1.6e-07
7.21404e-20	-2.17235e-12	-1.59e-07
6.99911e-20	-2.1263e-12	-1.58e-07
6.78876e-20	-2.08087e-12	-1.57e-07
6.58292e-20	-2.03605e-12	-1.56e-07
6.38153e-20	-1.99184e-12	-1.55e-07
6.18453e-20	-1.94824e-12	-1.54e-07
5.99186e-20	-1.90523e-12	-1.53e-07
5.80346e-20	-1.86281e-12	-1.52e-07
5.61928e-20	-1.82099e-12	-1.51e-07
5.43925e-20	-1.77976e-12	-1.5e-07
5.26331e-20	-1.73911e-12	-1.49e-07
5.0914e-20	-1.69904e-12	-1.48e-07
4.92348e-20	-1.65955e-12	-1.47e-07
4.75947e-20	-1.62063e-12	-1.46e-07
4.59933e-20	-1.58228e-12	-1.45e-07
4.443e-20	-1.54449e-12	-1.44e-07
4.29042e-20	-1.50726e-12	-1.43e-07
4.14153e-20	-1.47059e-12	-1.42e-07
3.99628e-20	-1.43447e-12	-1.41e-07
3.85462e-20	-1.3989e-12	-1.4e-07
3.71648e-20	-1.36387e-12	-1.39e-07
3.58183e-20	-1.32939e-12	-1.38e-07
3.45059e-20	-1.29544e-12	-1.37e-07
3.32272e-20	-1.26202e-12	-1.36e-07
3.19817e-20	-1.22914e-12	-1.35e-07
3.07687e-20	-1.19678e-12	-1.34e-07
2.95879e-20	-1.16494e-12	-1.33e-07
2.84387e-20	-1.13361e-12	-1.32e-07
2.73205e-20	-1.1028e-12	-1.31e-07
2.62329e-20	-1.0725e-12	-1.3e-07
2.51754e-20	-1.04271e-12	-1.29e-07
2.41473e-20	-1.01341e-12	-1.28e-07
2.31484e-20	-9.8462e-13	-1.27e-07
2.21779e-20	-9.56318e-13	-1.26e-07
2.12356e-20	-9.28506e-13	-1.25e-07
2.03208e-20	-9.01181e-13	-1.24e-07
1.94331e-20	-8.74337e-13	-1.23e-07
1.85719e-20	-8.47971e-13	-1.22e-07
1.7737e-20	-8.2208e-13	-1.21e-07
1.69276e-20	-7.96659e-13	-1.2e-07
1.61435e-20	-7.71704e-13	-1.19e-07
1.53841e-20	-7.47211e-13	-1.18e-07
1.46489e-20	-7.23177e-13	-1.17e-07
1.39376e-20	-6.99598e-13	-1.16e-07
1.32496e-20	-6.76469e-13	-1.15e-07
1.25845e-20	-6.53788e-13	-1.14e-07
1.19418e-20	-6.31549e-13	-1.13e-07
1.13212e-20	-6.09748e-13	-1.12e-07
1.07222e-20	-5.88383e-13	-1.11e-07
1.01443e-20	-5.67449e-13	-1.1e-07
9.58715e-21	-5.46943e-13	-1.09e-07
9.05028e-21	-5.26859e-13	-1.08e-07
8.53329e-21	-5.07195e-13	-1.07e-07
8.03576e-21	-4.87946e-13	-1.06e-07
7.55726e-21	-4.69109e-13	-1.05e-07
7.0974e-21	-4.50679e-13	-1.04e-07
6.65577e-21	-4.32653e-13	-1.03e-07
6.23196e-21	-4.15027e-13	-1.02e-07
5.82558e-21	-3.97796e-13	-1.01e-07
5.43624e-21	-3.80958e-13	-1e-07
5.06354e-21	-3.64507e-13	-9.9e-08
4.7071e-21	-3.48441e-13	-9.8e-08
4.36653e-21	-3.32755e-13	-9.7e-08
4.04146e-21	-3.17445e-13	-9.6e-08
3.73152e-21	-3.02507e-13	-9.5e-08
3.43632e-21	-2.87938e-13	-9.4e-08
3.15552e-21	-2.73734e-13	-9.3e-08
2.88874e-21	-2.59889e-13	-9.2e-08
2.63562e-21	-2.46402e-13	-9.1e-08
2.39582e-21	-2.33267e-13	-9e-08
2.16897e-21	-2.20482e-13	-8.9e-08
1.95474e-21	-2.08041e-13	-8.8e-08
1.75277e-21	-1.95941e-13	-8.7e-08
1.56274e-21	-1.84178e-13	-8.6e-08
1.38431e-21	-1.72749e-13	-8.5e-08
1.21714e-21	-1.61648e-13	-8.4e-08
1.0609e-21	-1.50873e-13	-8.3e-08
9.15282e-22	-1.4042e-13	-8.2e-08
7.79957e-22	-1.30284e-13	-8.1e-08
6.5461e-22	-1.20461e-13	-8e-08
5.38931e-22	-1.10948e-13	-7.9e-08
4.32612e-22	-1.01741e-13	-7.8e-08
3.35348e-22	-9.28362e-14	-7.7e-08
2.4684e-22	-8.42289e-14	-7.6e-08
1.66792e-22	-7.59157e-14	-7.5e-08
9.49118e-23	-6.78925e-14	-7.4e-08
3.09115e-23	-6.01555e-14	-7.3e-08
-2.54933e-23	-5.27008e-14	-7.2e-08
-7.45828e-23	-4.55244e-14	-7.1e-08
-1.16634e-22	-3.86224e-14	-7e-08
-1.51918e-22	-3.19909e-14	-6.9e-08
-1.80704e-22	-2.5626e-14	-6.8e-08
-2.03257e-22	-1.95238e-14	-6.7e-08
-2.19838e-22	-1.36804e-14	-6.6e-08
-2.30703e-22	-8.09176e-15	-6.5e-08
-2.36105e-22	-2.75407e-15	-6.4e-08
-2.36294e-22	2.33662e-15	-6.3e-08
-2.31513e-22	7.18421e-15	-6.2e-08
-2.22005e-22	1.17926e-14	-6.1e-08
-2.08006e-22	1.61658e-14	-6e-08
-1.8975e-22	2.03076e-14	-5.9e-08
-1.67467e-22	2.42221e-14	-5.8e-08
-1.41381e-22	2.7913e-14	-5.7e-08
-1.11714e-22	3.13843e-14	-5.6e-08
-7.86841e-23	3.46399e-14	-5.5e-08
-4.25047e-23	3.76838e-14	-5.4e-08
-3.38573e-24	4.05199e-14	-5.3e-08
3.84671e-23	4.3152e-14	-5.2e-08
8.28516e-23	4.55842e-14	-5.1e-08
1.2957e-22	4.78202e-14	-5e-08
1.78428e-22	4.98641e-14	-4.9e-08
2.29235e-22	5.17197e-14	-4.8e-08
2.81806e-22	5.3391e-14	-4.7e-08
3.35957e-22	5.48818e-14	-4.6e-08
3.91511e-22	5.61962e-14	-4.5e-08
4.48292e-22	5.7338e-14	-4.4e-08
5.06131e-22	5.83111e-14	-4.3e-08
5.64859e-22	5.91195e-14	-4.2e-08
6.24316e-22	5.9767e-14	-4.1e-08
6.84341e-22	6.02576e-14	-4e-08
7.4478e-22	6.05952e-14	-3.9e-08
8.05482e-22	6.07837e-14	-3.8e-08
8.66299e-22	6.0827e-14	-3.7e-08
9.27089e-22	6.07291e-14	-3.6e-08
9.87711e-22	6.04939e-14	-3.5e-08
1.04803e-21	6.01252e-14	-3.4e-08
1.10792e-21	5.96271e-14	-3.3e-08
1.16724e-21	5.90033e-14	-3.2e-08
1.22588e-21	5.82579e-14	-3.1e-08
1.28372e-21	5.73947e-14	-3e-08
1.34064e-21	5.64177e-14	-2.9e-08
1.39652e-21	5.53308e-14	-2.8e-08
1.45126e-21	5.41379e-14	-2.7e-08
1.50476e-21	5.28429e-14	-2.6e-08
1.55692e-21	5.14497e-14	-2.5e-08
1.60763e-21	4.99623e-14	-2.4e-08
1.65681e-21	4.83846e-14	-2.3e-08
1.70437e-21	4.67204e-14	-2.2e-08
1.75022e-21	4.49737e-14	-2.1e-08
1.79429e-21	4.31485e-14	-2e-08
1.8365e-21	4.12486e-14	-1.9e-08
1.87676e-21	3.92779e-14	-1.8e-08
1.91503e-21	3.72404e-14	-1.7e-08
1.95122e-21	3.514e-14	-1.6e-08
1.98529e-21	3.29806e-14	-1.5e-08
2.01717e-21	3.07661e-14	-1.4e-08
2.0468e-21	2.85004e-14	-1.3e-08
2.07415e-21	2.61875e-14	-1.2e-08
2.09916e-21	2.38312e-14	-1.1e-08
2.1218e-21	2.14356e-14	-1e-08
2.14202e-21	1.90044e-14	-9e-09
2.1598e-21	1.65417e-14	-8e-09
2.1751e-21	1.40513e-14	-7e-09
2.18789e-21	1.15372e-14	-6e-09
2.19817e-21	9.00317e-15	-5e-09
2.2059e-21	6.45328e-15	-4e-09
2.21107e-21	3.89139e-15	-3e-09
2.21368e-21	1.32142e-15	-2e-09
2.21371e-21	-1.25272e-15	-1e-09
2.21117e-21	-3.8271e-15	0
2.20606e-21	-6.39781e-15	1e-09
2.19838e-21	-8.96094e-15	2e-09
2.18814e-21	-1.15126e-14	3e-09
2.17536e-21	-1.40488e-14	4e-09
2.16005e-21	-1.65656e-14	5e-09
2.14223e-21	-1.90592e-14	6e-09
2.12194e-21	-2.15257e-14	7e-09
2.09919e-21	-2.3961e-14	8e-09
2.07403e-21	-2.63614e-14	9e-09
2.04648e-21	-2.87228e-14	1e-08
2.0166e-21	-3.10414e-14	1.1e-08
1.98442e-21	-3.33132e-14	1.2e-08
1.94999e-21	-3.55344e-14	1.3e-08
1.91336e-21	-3.7701e-14	1.4e-08
1.8746e-21	-3.9809e-14	1.5e-08
1.83377e-21	-4.18547e-14	1.6e-08
1.79092e-21	-4.3834e-14	1.7e-08
1.74612e-21	-4.57431e-14	1.8e-08
1.69946e-21	-4.75779e-14	1.9e-08
1.65099e-21	-4.93347e-14	2e-08
1.60081e-21	-5.10095e-14	2.1e-08
1.549e-21	-5.25984e-14	2.2e-08
1.49565e-21	-5.40974e-14	2.3e-08
1.44084e-21	-5.55027e-14	2.4e-08
1.38467e-21	-5.68103e-14	2.5e-08
1.32725e-21	-5.80163e-14	2.6e-08
1.26868e-21	-5.91168e-14	2.7e-08
1.20906e-21	-6.01079e-14	2.8e-08
1.1485e-21	-6.09856e-14	2.9e-08
1.08712e-21	-6.17461e-14	3e-08
1.02505e-21	-6.23854e-14	3.1e-08
9.62394e-22	-6.28996e-14	3.2e-08
8.99291e-22	-6.32848e-14	3.3e-08
8.35869e-22	-6.35371e-14	3.4e-08
7.72263e-22	-6.36525e-14	3.5e-08
7.08611e-22	-6.36272e-14	3.6e-08
6.45056e-22	-6.34572e-14	3.7e-08
5.81746e-22	-6.31386e-14	3.8e-08
5.1883e-22	-6.26675e-14	3.9e-08
4.56463e-22	-6.204e-14	4e-08
3.94803e-22	-6.12522e-14	4.1e-08
3.34013e-22	-6.03001e-14	4.2e-08
2.74259e-22	-5.91798e-14	4.3e-08
2.15711e-22	-5.78874e-14	4.4e-08
1.58543e-22	-5.6419e-14	4.5e-08
1.02933e-22	-5.47707e-14	4.6e-08
4.90631e-23	-5.29385e-14	4.7e-08
-2.88122e-24	-5.09186e-14	4.8e-08
-5.27101e-23	-4.8707e-14	4.9e-08
-1.0023e-22	-4.62998e-14	5e-08
-1.45243e-22	-4.36931e-14	5.1e-08
-1.87548e-22	-4.0883e-14	5.2e-08
-2.2694e-22	-3.78655e-14	5.3e-08
-2.63209e-22	-3.46368e-14	5.4e-08
-2.96142e-22	-3.11929e-14	5.5e-08
-3.25522e-22	-2.75299e-14	5.6e-08
-3.51127e-22	-2.36439e-14	5.7e-08
-3.72734e-22	-1.95309e-14	5.8e-08
-3.90112e-22	-1.51871e-14	5.9e-08
-4.0303e-22	-1.06086e-14	6e-08
-4.1125e-22	-5.79137e-15	6.1e-08
-4.14532e-22	-7.31549e-16	6.2e-08
-4.12631e-22	4.57478e-15	6.3e-08
-4.05299e-22	1.01315e-14	6.4e-08
-3.92283e-22	1.59426e-14	6.5e-08
-3.73327e-22	2.2012e-14	6.6e-08
-3.48171e-22	2.83435e-14	6.7e-08
-3.16551e-22	3.49412e-14	6.8e-08
-2.78199e-22	4.18088e-14	6.9e-08
-2.32842e-22	4.89504e-14	7e-08
-1.80206e-22	5.63698e-14	7.1e-08
-1.20009e-22	6.4071e-14	7.2e-08
-5.19684e-23	7.20579e-14	7.3e-08
2.42034e-23	8.03343e-14	7.4e-08
1.08798e-22	8.89043e-14	7.5e-08
2.02111e-22	9.77717e-14	7.6e-08
3.04442e-22	1.0694e-13	7.7e-08
4.16094e-22	1.16414e-13	7.8e-08
5.37374e-22	1.26198e-13	7.9e-08
6.68594e-22	1.36294e-13	8e-08
8.10068e-22	1.46707e-13	8.1e-08
9.62115e-22	1.57442e-13	8.2e-08
1.12506e-21	1.68501e-13	8.3e-08
1.29923e-21	1.79888e-13	8.4e-08
1.48495e-21	1.91609e-13	8.5e-08
1.68256e-21	2.03666e-13	8.6e-08
1.89239e-21	2.16064e-13	8.7e-08
2.1148e-21	2.28806e-13	8.8e-08
2.35012e-21	2.41896e-13	8.9e-08
2.59871e-21	2.55339e-13	9e-08
2.86092e-21	2.69138e-13	9.1e-08
3.1371e-21	2.83297e-13	9.2e-08
3.42763e-21	2.9782e-13	9.3e-08
3.73287e-21	3.12711e-13	9.4e-08
4.05318e-21	3.27973e-13	9.5e-08
4.38894e-21	3.43612e-13	9.6e-08
4.74053e-21	3.5963e-13	9.7e-08
5.10833e-21	3.76032e-13	9.8e-08
5.49272e-21	3.92821e-13	9.9e-08
5.8941e-21	4.10002e-13	1e-07
6.31286e-21	4.27578e-13	1.01e-07
6.74939e-21	4.45554e-13	1.02e-07
7.2041e-21	4.63932e-13	1.03e-07
7.67739e-21	4.82718e-13	1.04e-07
8.16967e-21	5.01914e-13	1.05e-07
8.68136e-21	5.21526e-13	1.06e-07
9.21286e-21	5.41557e-13	1.07e-07
9.76461e-21	5.6201e-13	1.08e-07
1.0337e-20	5.8289e-13	1.09e-07
1.09305e-20	6.042e-13	1.1e-07
1.15456e-20	6.25945e-13	1.11e-07
1.21826e-20	6.48129e-13	1.12e-07
1.2842e-20	6.70755e-13	1.13e-07
1.35242e-20	6.93827e-13	1.14e-07
1.42298e-20	7.17349e-13	1.15e-07
1.49591e-20	7.41325e-13	1.16e-07
1.57126e-20	7.6576e-13	1.17e-07
1.64908e-20	7.90656e-13	1.18e-07
1.7294e-20	8.16018e-13	1.19e-07
1.81229e-20	8.4185e-13	1.2e-07
1.89779e-20	8.68156e-13	1.21e-07
1.98594e-20	8.94939e-13	1.22e-07
2.07679e-20	9.22204e-13	1.23e-07
2.1704e-20	9.49954e-13	1.24e-07
2.2668e-20	9.78194e-13	1.25e-07
2.36605e-20	1.00693e-12	1.26e-07
2.4682e-20	1.03616e-12	1.27e-07
2.5733e-20	1.06589e-12	1.28e-07
2.6814e-20	1.09612e-12	1.29e-07
2.79254e-20	1.12687e-12	1.3e-07
2.90679e-20	1.15813e-12	1.31e-07
3.02419e-20	1.1899e-12	1.32e-07
3.14479e-20	1.2222e-12	1.33e-07
3.26864e-20	1.25502e-12	1.34e-07
3.39581e-20	1.28837e-12	1.35e-07
3.52633e-20	1.32225e-12	1.36e-07
3.66027e-20	1.35666e-12	1.37e-07
3.79768e-20	1.39162e-12	1.38e-07
3.93862e-20	1.42712e-12	1.39e-07
4.08313e-20	1.46317e-12	1.4e-07
4.23127e-20	1.49977e-12	1.41e-07
4.3831e-20	1.53693e-12	1.42e-07
4.53867e-20	1.57465e-12	1.43e-07
4.69805e-20	1.61293e-12	1.44e-07
4.86128e-20	1.65178e-12	1.45e-07
5.02842e-20	1.6912e-12	1.46e-07
5.19954e-20	1.7312e-12	1.47e-07
5.37468e-20	1.77177e-12	1.48e-07
5.55391e-20	1.81293e-12	1.49e-07
5.73729e-20	1.85468e-12	1.5e-07
5.92487e-20	1.89702e-12	1.51e-07
6.11671e-20	1.93995e-12	1.52e-07
6.31288e-20	1.98348e-12	1.53e-07
6.51343e-20	2.02762e-12	1.54e-07
6.71842e-20	2.07236e-12	1.55e-07
6.92792e-20	2.11771e-12	1.56e-07
7.14198e-20	2.16368e-12	1.57e-07
7.36068e-20	2.21026e-12	1.58e-07
7.58406e-20	2.25747e-12	1.59e-07
7.81219e-20	2.3053e-12	1.6e-07
8.04514e-20	2.35377e-12	1.61e-07
8.28297e-20	2.40287e-12	1.62e-07
8.52573e-20	2.4526e-12	1.63e-07
8.77351e-20	2.50298e-12	1.64e-07
9.02635e-20	2.55401e-12	1.65e-07
9.28433e-20	2.60569e-12	1.66e-07
9.54751e-20	2.65801e-12	1.67e-07
9.81596e-20	2.711e-12	1.68e-07
1.00897e-19	2.76465e-12	1.69e-07
1.03689e-19	2.81896e-12	1.7e-07
1.06535e-19	2.87395e-12	1.71e-07
1.09437e-19	2.92961e-12	1.72e-07
1.12395e-19	2.98594e-12	1.73e-07
1.15409e-19	3.04296e-12	1.74e-07
1.18481e-19	3.10066e-12	1.75e-07
1.21611e-19	3.15905e-12	1.76e-07
1.24799e-19	3.21813e-12	1.77e-07
1.28047e-19	3.27791e-12	1.78e-07
1.31355e-19	3.33839e-12	1.79e-07
1.34724e-19	3.39958e-12	1.8e-07
1.38155e-19	3.46147e-12	1.81e-07
1.41648e-19	3.52408e-12	1.82e-07
1.45203e-19	3.5874e-12	1.83e-07
1.48823e-19	3.65145e-12	1.84e-07
1.52506e-19	3.71622e-12	1.85e-07
1.56255e-19	3.78171e-12	1.86e-07
1.6007e-19	3.84794e-12	1.87e-07
1.63951e-19	3.91491e-12	1.88e-07
1.679e-19	3.98261e-12	1.89e-07
1.71917e-19	4.05106e-12	1.9e-07
1.76002e-19	4.12026e-12	1.91e-07
1.80158e-19	4.19021e-12	1.92e-07
1.84383e-19	4.26091e-12	1.93e-07
1.8868e-19	4.33237e-12	1.94e-07
1.93048e-19	4.4046e-12	1.95e-07
1.97489e-19	4.4776e-12	1.96e-07
2.02004e-19	4.55136e-12	1.97e-07
2.06592e-19	4.62591e-12	1.98e-07
2.11256e-19	4.70123e-12	1.99e-07

