4.0576e-11
6.81653e-08
5.90603e-08
5.62499e-08
7.01974e-08
5.0526e-08
6.81653e-08
5.90603e-08
5.62499e-08
7.01974e-08
5.0526e-08
6.81653e-08
5.90603e-08
5.62499e-08
7.01974e-08
5.0526e-08
6.81653e-08
5.90603e-08
5.62499e-08
7.01974e-08
5.0526e-08
6.81653e-08
5.90603e-08
5.62499e-08
7.01974e-08
5.0526e-08
6.81653e-08
5.90603e-08
5.62499e-08
7.01974e-08
5.0526e-08
6.81653e-08
5.90603e-08
5.62499e-08
7.01974e-08
5.0526e-08
6.81653e-08
5.90603e-08
5.62499e-08
7.01974e-08
5.0526e-08
6.81653e-08
5.90603e-08
5.62499e-08
7.01974e-08
5.0526e-08
6.81653e-08
5.90603e-08
5.62499e-08
7.01974e-08
5.0526e-08
6.81653e-08
5.90603e-08
5.62499e-08
7.01974e-08
5.0526e-08
6.81653e-08
5.90603e-08
5.62499e-08
7.01974e-08
5.0526e-08
6.81653e-08
5.90603e-08
5.62499e-08
7.01974e-08
5.0526e-08
6.81653e-08
5.90603e-08
5.62499e-08
7.01974e-08
5.0526e-08
6.81653e-08
5.90603e-08
5.62499e-08
7.01974e-08
5.0526e-08
6.81653e-08
5.90603e-08
5.62499e-08
7.01974e-08
5.0526e-08
6.81653e-08
5.90603e-08
5.62499e-08
7.01974e-08
5.0526e-08
6.81653e-08
5.90603e-08
5.62499e-08
7.01974e-08
5.0526e-08
6.81653e-08
5.90603e-08
5.62499e-08
7.01974e-08
5.0526e-08
6.81653e-08
5.90603e-08
5.62499e-08
7.01974e-08
5.0526e-08
6.81653e-08
5.90603e-08
5.62499e-08
7.01974e-08
5.0526e-08
6.81653e-08
5.90603e-08
5.62499e-08
7.01974e-08
5.0526e-08
6.81653e-08
5.90603e-08
5.62499e-08
7.01974e-08
5.0526e-08
6.81653e-08
5.90603e-08
5.62499e-08
7.01974e-08
5.0526e-08
6.81653e-08
5.90603e-08
5.62499e-08
7.01974e-08
5.0526e-08
6.81653e-08
5.90603e-08
5.62499e-08
7.01974e-08
5.0526e-08
6.81653e-08
5.90603e-08
5.62499e-08
7.01974e-08
5.0526e-08
6.81653e-08
5.90603e-08
5.62499e-08
7.01974e-08
5.0526e-08
6.81653e-08
5.90603e-08
5.62499e-08
7.01974e-08
5.0526e-08
6.81653e-08
5.90603e-08
5.62499e-08
7.01974e-08
5.0526e-08
6.81653e-08
5.90603e-08
5.62499e-08
7.01974e-08
5.0526e-08
6.81653e-08
5.90603e-08
5.62499e-08
7.01974e-08
5.0526e-08
6.81653e-08
5.90603e-08
5.62499e-08
7.01974e-08
5.0526e-08
6.81653e-08
5.90603e-08
5.62499e-08
7.01974e-08
5.0526e-08
6.81653e-08
5.90603e-08
5.62499e-08
7.01974e-08
5.0526e-08
6.81653e-08
5.90603e-08
5.62499e-08
7.01974e-08
5.0526e-08
6.81653e-08
5.90603e-08
5.62499e-08
7.01974e-08
5.0526e-08
6.81653e-08
5.90603e-08
5.62499e-08
7.01974e-08
5.0526e-08
6.81653e-08
5.90603e-08
5.62499e-08
7.01974e-08
5.0526e-08
6.81653e-08
5.90602e-08
5.62499e-08
7.01974e-08
5.0526e-08
6.81653e-08
5.90602e-08
5.62499e-08
7.01974e-08
5.0526e-08
6.81653e-08
5.90602e-08
5.62499e-08
7.01974e-08
5.0526e-08
6.81653e-08
5.90602e-08
5.62499e-08
7.01974e-08
5.0526e-08
6.81654e-08
5.90602e-08
5.62499e-08
7.01974e-08
5.0526e-08
6.81654e-08
5.90602e-08
5.62499e-08
7.01974e-08
5.0526e-08
6.81654e-08
5.90602e-08
5.62499e-08
7.01974e-08
5.0526e-08
6.81654e-08
5.90602e-08
5.62499e-08
7.01974e-08
5.0526e-08
6.81654e-08
5.90602e-08
5.62499e-08
7.01974e-08
5.0526e-08
6.81654e-08
5.90602e-08
5.625e-08
7.01974e-08
5.0526e-08
6.81654e-08
5.90602e-08
5.625e-08
7.01974e-08
5.0526e-08
6.81654e-08
5.90602e-08
5.625e-08
7.01974e-08
5.0526e-08
6.81654e-08
5.90602e-08
5.625e-08
7.01974e-08
5.0526e-08
6.81654e-08
5.90602e-08
5.625e-08
7.01974e-08
5.0526e-08
6.81654e-08
5.90602e-08
5.625e-08
7.01974e-08
5.0526e-08
6.81654e-08
5.90602e-08
5.625e-08
7.01974e-08
5.0526e-08
6.81654e-08
5.90602e-08
5.625e-08
7.01974e-08
5.0526e-08
6.81654e-08
5.90602e-08
5.625e-08
7.01974e-08
5.0526e-08
6.81654e-08
5.90602e-08
5.625e-08
7.01974e-08
5.0526e-08
6.81654e-08
5.90601e-08
5.625e-08
7.01974e-08
5.0526e-08
6.81654e-08
5.90601e-08
5.625e-08
7.01974e-08
5.0526e-08
6.81654e-08
5.90601e-08
5.625e-08
7.01973e-08
5.0526e-08
6.81654e-08
5.90601e-08
5.625e-08
7.01973e-08
5.0526e-08
6.81654e-08
5.90601e-08
5.625e-08
7.01973e-08
5.0526e-08
6.81654e-08
5.90601e-08
5.625e-08
7.01973e-08
5.0526e-08
6.81654e-08
5.90601e-08
5.625e-08
7.01973e-08
5.0526e-08
6.81654e-08
5.90601e-08
5.625e-08
7.01973e-08
5.0526e-08
6.81654e-08
5.90601e-08
5.625e-08
7.01973e-08
5.0526e-08
6.81654e-08
5.90601e-08
5.625e-08
7.01973e-08
5.0526e-08
6.81654e-08
5.90601e-08
5.625e-08
7.01973e-08
5.0526e-08
6.81654e-08
5.90601e-08
5.625e-08
7.01973e-08
5.0526e-08
6.81654e-08
5.90601e-08
5.625e-08
7.01973e-08
5.0526e-08
6.81655e-08
5.90601e-08
5.62501e-08
7.01973e-08
5.0526e-08
6.81655e-08
5.90601e-08
5.62501e-08
7.01973e-08
5.0526e-08
6.81655e-08
5.90601e-08
5.62501e-08
7.01973e-08
5.0526e-08
6.81655e-08
5.90601e-08
5.62501e-08
7.01973e-08
5.0526e-08
6.81655e-08
5.90601e-08
5.62501e-08
7.01973e-08
5.0526e-08
6.81655e-08
5.90601e-08
5.62501e-08
7.01973e-08
5.0526e-08
6.81655e-08
5.90601e-08
5.62501e-08
7.01973e-08
5.0526e-08
6.81655e-08
5.906e-08
5.62501e-08
7.01973e-08
5.0526e-08
6.81655e-08
5.906e-08
5.62501e-08
7.01973e-08
5.0526e-08
6.81655e-08
5.906e-08
5.62501e-08
7.01973e-08
5.0526e-08
6.81655e-08
5.906e-08
5.62501e-08
7.01973e-08
5.0526e-08
6.81655e-08
5.906e-08
5.62501e-08
7.01973e-08
5.0526e-08
6.81655e-08
5.906e-08
5.62501e-08
7.01973e-08
5.0526e-08
6.81655e-08
5.906e-08
5.62501e-08
7.01973e-08
5.0526e-08
6.81655e-08
5.906e-08
5.62501e-08
7.01973e-08
5.0526e-08
6.81655e-08
5.906e-08
5.62501e-08
7.01973e-08
5.0526e-08
6.81655e-08
5.906e-08
5.62501e-08
7.01973e-08
5.0526e-08
6.81655e-08
5.906e-08
5.62501e-08
7.01973e-08
5.0526e-08
6.81655e-08
5.906e-08
5.62501e-08
7.01973e-08
5.0526e-08
6.81655e-08
5.906e-08
5.62501e-08
7.01973e-08
5.0526e-08
6.81655e-08
5.906e-08
5.62501e-08
7.01973e-08
5.0526e-08
6.81655e-08
5.906e-08
5.62501e-08
7.01973e-08
5.0526e-08
6.81655e-08
5.906e-08
5.62502e-08
7.01973e-08
5.0526e-08
6.81655e-08
5.906e-08
5.62502e-08
7.01973e-08
5.0526e-08
6.81655e-08
5.906e-08
5.62502e-08
7.01973e-08
5.0526e-08
6.81655e-08
5.906e-08
5.62502e-08
7.01973e-08
5.0526e-08
6.81655e-08
5.90599e-08
5.62502e-08
7.01973e-08
5.0526e-08
6.81655e-08
5.90599e-08
5.62502e-08
7.01973e-08
5.0526e-08
6.81656e-08
5.90599e-08
5.62502e-08
7.01973e-08
