1.95776e-08
5.3631e-08
7.11876e-08
5.14462e-08
6.55464e-08
6.23877e-08
5.3631e-08
7.11876e-08
5.14462e-08
6.55464e-08
6.23877e-08
5.3631e-08
7.11876e-08
5.14462e-08
6.55464e-08
6.23877e-08
5.3631e-08
7.11876e-08
5.14462e-08
6.55464e-08
6.23877e-08
5.3631e-08
7.11876e-08
5.14462e-08
6.55464e-08
6.23877e-08
5.3631e-08
7.11876e-08
5.14462e-08
6.55464e-08
6.23877e-08
5.3631e-08
7.11876e-08
5.14462e-08
6.55464e-08
6.23877e-08
5.3631e-08
7.11876e-08
5.14462e-08
6.55464e-08
6.23877e-08
5.3631e-08
7.11876e-08
5.14462e-08
6.55464e-08
6.23877e-08
5.3631e-08
7.11876e-08
5.14462e-08
6.55464e-08
6.23877e-08
5.3631e-08
7.11876e-08
5.14462e-08
6.55464e-08
6.23877e-08
5.3631e-08
7.11876e-08
5.14462e-08
6.55464e-08
6.23877e-08
5.3631e-08
7.11876e-08
5.14462e-08
6.55464e-08
6.23877e-08
5.3631e-08
7.11876e-08
5.14462e-08
6.55464e-08
6.23877e-08
5.3631e-08
7.11876e-08
5.14462e-08
6.55464e-08
6.23877e-08
5.3631e-08
7.11876e-08
5.14462e-08
6.55464e-08
6.23877e-08
5.3631e-08
7.11876e-08
5.14462e-08
6.55464e-08
6.23877e-08
5.3631e-08
7.11876e-08
5.14462e-08
6.55464e-08
6.23877e-08
5.3631e-08
7.11876e-08
5.14462e-08
6.55464e-08
6.23877e-08
5.3631e-08
7.11876e-08
5.14462e-08
6.55464e-08
6.23877e-08
5.3631e-08
7.11876e-08
5.14462e-08
6.55464e-08
6.23877e-08
5.3631e-08
7.11876e-08
5.14462e-08
6.55464e-08
6.23877e-08
5.3631e-08
7.11876e-08
5.14462e-08
6.55464e-08
6.23877e-08
5.3631e-08
7.11876e-08
5.14462e-08
6.55464e-08
6.23877e-08
5.3631e-08
7.11876e-08
5.14462e-08
6.55464e-08
6.23877e-08
5.3631e-08
7.11876e-08
5.14462e-08
6.55464e-08
6.23877e-08
5.3631e-08
7.11876e-08
5.14462e-08
6.55464e-08
6.23877e-08
5.3631e-08
7.11876e-08
5.14462e-08
6.55464e-08
6.23877e-08
5.3631e-08
7.11876e-08
5.14462e-08
6.55464e-08
6.23877e-08
5.3631e-08
7.11876e-08
5.14462e-08
6.55464e-08
6.23877e-08
5.3631e-08
7.11876e-08
5.14462e-08
6.55464e-08
6.23877e-08
5.3631e-08
7.11876e-08
5.14462e-08
6.55464e-08
6.23877e-08
5.3631e-08
7.11876e-08
5.14462e-08
6.55464e-08
6.23877e-08
5.3631e-08
7.11876e-08
5.14462e-08
6.55464e-08
6.23877e-08
5.3631e-08
7.11876e-08
5.14462e-08
6.55464e-08
6.23877e-08
5.3631e-08
7.11876e-08
5.14462e-08
6.55464e-08
6.23877e-08
5.3631e-08
7.11876e-08
5.14462e-08
6.55464e-08
6.23877e-08
5.3631e-08
7.11876e-08
5.14462e-08
6.55464e-08
6.23877e-08
5.3631e-08
7.11876e-08
5.14462e-08
6.55464e-08
6.23877e-08
5.3631e-08
7.11876e-08
5.14462e-08
6.55464e-08
6.23877e-08
5.36311e-08
7.11876e-08
5.14462e-08
6.55464e-08
6.23877e-08
5.36311e-08
7.11876e-08
5.14462e-08
6.55464e-08
6.23877e-08
5.36311e-08
7.11876e-08
5.14462e-08
6.55464e-08
6.23877e-08
5.36311e-08
7.11876e-08
5.14462e-08
6.55464e-08
6.23877e-08
5.36311e-08
7.11876e-08
5.14462e-08
6.55464e-08
6.23877e-08
5.36311e-08
7.11876e-08
5.14462e-08
6.55464e-08
6.23876e-08
5.36311e-08
7.11876e-08
5.14462e-08
6.55464e-08
6.23876e-08
5.36311e-08
7.11876e-08
5.14462e-08
6.55464e-08
6.23876e-08
5.36311e-08
7.11876e-08
5.14461e-08
6.55465e-08
6.23876e-08
5.36311e-08
7.11876e-08
5.14461e-08
6.55465e-08
6.23876e-08
5.36311e-08
7.11876e-08
5.14461e-08
6.55465e-08
6.23876e-08
5.36311e-08
7.11876e-08
5.14461e-08
6.55465e-08
6.23876e-08
5.36311e-08
7.11876e-08
5.14461e-08
6.55465e-08
6.23876e-08
5.36311e-08
7.11876e-08
5.14461e-08
6.55465e-08
6.23876e-08
5.36311e-08
7.11876e-08
5.14461e-08
6.55465e-08
6.23876e-08
5.36311e-08
7.11876e-08
5.14461e-08
6.55465e-08
6.23876e-08
5.36311e-08
7.11876e-08
5.14461e-08
6.55465e-08
6.23876e-08
5.36311e-08
7.11876e-08
5.14461e-08
6.55465e-08
6.23876e-08
5.36311e-08
7.11876e-08
5.14461e-08
6.55465e-08
6.23876e-08
5.36311e-08
7.11875e-08
5.14461e-08
6.55465e-08
6.23876e-08
5.36311e-08
7.11875e-08
5.14461e-08
6.55465e-08
6.23876e-08
5.36311e-08
7.11875e-08
5.14461e-08
6.55465e-08
6.23876e-08
5.36311e-08
7.11875e-08
5.14461e-08
6.55465e-08
6.23876e-08
5.36311e-08
7.11875e-08
5.14461e-08
6.55465e-08
6.23876e-08
5.36311e-08
7.11875e-08
5.14461e-08
6.55465e-08
6.23876e-08
5.36311e-08
7.11875e-08
5.14461e-08
6.55465e-08
6.23875e-08
5.36311e-08
7.11875e-08
5.14461e-08
6.55465e-08
6.23875e-08
5.36311e-08
7.11875e-08
5.14461e-08
6.55465e-08
6.23875e-08
5.36312e-08
7.11875e-08
5.14461e-08
6.55465e-08
6.23875e-08
5.36312e-08
7.11875e-08
5.14461e-08
6.55465e-08
6.23875e-08
5.36312e-08
7.11875e-08
5.14461e-08
6.55466e-08
6.23875e-08
5.36312e-08
7.11875e-08
5.14461e-08
6.55466e-08
6.23875e-08
5.36312e-08
7.11875e-08
5.14461e-08
6.55466e-08
6.23875e-08
5.36312e-08
7.11875e-08
5.14461e-08
6.55466e-08
6.23875e-08
5.36312e-08
7.11875e-08
5.14461e-08
6.55466e-08
6.23875e-08
5.36312e-08
7.11875e-08
5.14461e-08
6.55466e-08
6.23875e-08
5.36312e-08
7.11875e-08
5.14461e-08
6.55466e-08
6.23875e-08
5.36312e-08
7.11875e-08
5.14461e-08
6.55466e-08
6.23875e-08
5.36312e-08
7.11875e-08
5.14461e-08
6.55466e-08
6.23875e-08
5.36312e-08
7.11875e-08
5.14461e-08
6.55466e-08
6.23875e-08
5.36312e-08
7.11875e-08
5.14461e-08
6.55466e-08
6.23875e-08
5.36312e-08
7.11875e-08
5.14461e-08
6.55466e-08
6.23875e-08
5.36312e-08
7.11875e-08
5.14461e-08
6.55466e-08
6.23875e-08
5.36312e-08
7.11875e-08
5.14461e-08
6.55466e-08
6.23875e-08
5.36312e-08
7.11875e-08
5.14461e-08
6.55466e-08
6.23874e-08
5.36312e-08
7.11875e-08
5.14461e-08
6.55466e-08
6.23874e-08
5.36312e-08
7.11875e-08
5.14461e-08
6.55466e-08
6.23874e-08
5.36312e-08
7.11875e-08
5.14461e-08
6.55466e-08
6.23874e-08
5.36312e-08
7.11875e-08
5.14461e-08
6.55466e-08
6.23874e-08
5.36312e-08
7.11875e-08
5.14461e-08
6.55466e-08
6.23874e-08
5.36312e-08
7.11875e-08
5.14461e-08
6.55466e-08
6.23874e-08
5.36312e-08
7.11875e-08
5.14461e-08
6.55466e-08
6.23874e-08
5.36312e-08
7.11875e-08
5.14461e-08
6.55466e-08
6.23874e-08
5.36312e-08
7.11875e-08
5.14461e-08
6.55467e-08
6.23874e-08
5.36312e-08
7.11875e-08
5.1446e-08
6.55467e-08
6.23874e-08
5.36312e-08
7.11875e-08
5.1446e-08
6.55467e-08
6.23874e-08
5.36313e-08
7.11875e-08
5.1446e-08
6.55467e-08
6.23874e-08
5.36313e-08
7.11875e-08
5.1446e-08
6.55467e-08
6.23874e-08
5.36313e-08
7.11875e-08
5.1446e-08
6.55467e-08
6.23874e-08
5.36313e-08
7.11875e-08
5.1446e-08
6.55467e-08
