Developers: Razvan Ababei, Matt Ellis and Tom Hayward
University of Sheffield
The program has been initialized with following parameters:
Saturation, Ms = 477000 A/m
Length of the strip = 2e-07 m
Width = 5e-08 m
Thickness = 5e-09 m
Exchange stiffness, A = 1.05e-11 J/m
Gilbert damping, alpha = 0.02
Amplitude of oscillating field, H0 = 800 A/m
Frequency of the field, omega = 3.14159e+09 Hz
Integration time step, Dt = 1e-12 s
Initialization completed!
The coefficients of E(x) are:	0	0	-3.2866e-06	0	2.632e+08
=====================================================================<
Running Potential program
2.89656e-19	-7.10776e-12	-2e-07
2.82608e-19	-6.98863e-12	-1.99e-07
2.75678e-19	-6.87075e-12	-1.98e-07
2.68866e-19	-6.75413e-12	-1.97e-07
2.6217e-19	-6.63875e-12	-1.96e-07
2.55588e-19	-6.52461e-12	-1.95e-07
2.4912e-19	-6.4117e-12	-1.94e-07
2.42764e-19	-6.30001e-12	-1.93e-07
2.3652e-19	-6.18955e-12	-1.92e-07
2.30385e-19	-6.08029e-12	-1.91e-07
2.24359e-19	-5.97225e-12	-1.9e-07
2.1844e-19	-5.8654e-12	-1.89e-07
2.12627e-19	-5.75975e-12	-1.88e-07
2.0692e-19	-5.65528e-12	-1.87e-07
2.01316e-19	-5.552e-12	-1.86e-07
1.95816e-19	-5.44989e-12	-1.85e-07
1.90416e-19	-5.34895e-12	-1.84e-07
1.85117e-19	-5.24918e-12	-1.83e-07
1.79918e-19	-5.15055e-12	-1.82e-07
1.74816e-19	-5.05308e-12	-1.81e-07
1.69811e-19	-4.95675e-12	-1.8e-07
1.64902e-19	-4.86156e-12	-1.79e-07
1.60087e-19	-4.7675e-12	-1.78e-07
1.55367e-19	-4.67456e-12	-1.77e-07
1.50738e-19	-4.58275e-12	-1.76e-07
1.46201e-19	-4.49204e-12	-1.75e-07
1.41754e-19	-4.40244e-12	-1.74e-07
1.37395e-19	-4.31394e-12	-1.73e-07
1.33125e-19	-4.22653e-12	-1.72e-07
1.28942e-19	-4.1402e-12	-1.71e-07
1.24845e-19	-4.05496e-12	-1.7e-07
1.20832e-19	-3.97079e-12	-1.69e-07
1.16903e-19	-3.88769e-12	-1.68e-07
1.13056e-19	-3.80565e-12	-1.67e-07
1.09291e-19	-3.72467e-12	-1.66e-07
1.05606e-19	-3.64473e-12	-1.65e-07
1.02001e-19	-3.56584e-12	-1.64e-07
9.84743e-20	-3.48798e-12	-1.63e-07
9.50248e-20	-3.41115e-12	-1.62e-07
9.16517e-20	-3.33535e-12	-1.61e-07
8.83538e-20	-3.26056e-12	-1.6e-07
8.51302e-20	-3.18678e-12	-1.59e-07
8.19799e-20	-3.11401e-12	-1.58e-07
7.89019e-20	-3.04223e-12	-1.57e-07
7.58951e-20	-2.97145e-12	-1.56e-07
7.29586e-20	-2.90165e-12	-1.55e-07
7.00915e-20	-2.83283e-12	-1.54e-07
6.72927e-20	-2.76498e-12	-1.53e-07
6.45612e-20	-2.69811e-12	-1.52e-07
6.18961e-20	-2.63219e-12	-1.51e-07
5.92965e-20	-2.56722e-12	-1.5e-07
5.67614e-20	-2.5032e-12	-1.49e-07
5.42898e-20	-2.44013e-12	-1.48e-07
5.18808e-20	-2.37798e-12	-1.47e-07
4.95335e-20	-2.31677e-12	-1.46e-07
4.7247e-20	-2.25648e-12	-1.45e-07
4.50202e-20	-2.1971e-12	-1.44e-07
4.28524e-20	-2.13864e-12	-1.43e-07
4.07427e-20	-2.08108e-12	-1.42e-07
3.869e-20	-2.02441e-12	-1.41e-07
3.66936e-20	-1.96864e-12	-1.4e-07
3.47524e-20	-1.91374e-12	-1.39e-07
3.28658e-20	-1.85973e-12	-1.38e-07
3.10327e-20	-1.80659e-12	-1.37e-07
2.92523e-20	-1.75432e-12	-1.36e-07
2.75238e-20	-1.7029e-12	-1.35e-07
2.58462e-20	-1.65234e-12	-1.34e-07
2.42188e-20	-1.60262e-12	-1.33e-07
2.26407e-20	-1.55374e-12	-1.32e-07
2.1111e-20	-1.5057e-12	-1.31e-07
1.9629e-20	-1.45849e-12	-1.3e-07
1.81938e-20	-1.41209e-12	-1.29e-07
1.68046e-20	-1.36651e-12	-1.28e-07
1.54605e-20	-1.32174e-12	-1.27e-07
1.41608e-20	-1.27777e-12	-1.26e-07
1.29047e-20	-1.2346e-12	-1.25e-07
1.16913e-20	-1.19222e-12	-1.24e-07
1.052e-20	-1.15062e-12	-1.23e-07
9.38985e-21	-1.10979e-12	-1.22e-07
8.30015e-21	-1.06974e-12	-1.21e-07
7.25011e-21	-1.03045e-12	-1.2e-07
6.23899e-21	-9.91925e-13	-1.19e-07
5.26601e-21	-9.54146e-13	-1.18e-07
4.33044e-21	-9.17114e-13	-1.17e-07
3.43154e-21	-8.8082e-13	-1.16e-07
2.56856e-21	-8.45259e-13	-1.15e-07
1.74078e-21	-8.10425e-13	-1.14e-07
9.4747e-22	-7.7631e-13	-1.13e-07
1.87919e-22	-7.4291e-13	-1.12e-07
-5.38585e-22	-7.10217e-13	-1.11e-07
-1.23275e-21	-6.78225e-13	-1.1e-07
-1.89527e-21	-6.46928e-13	-1.09e-07
-2.52683e-21	-6.16319e-13	-1.08e-07
-3.12813e-21	-5.86393e-13	-1.07e-07
-3.69984e-21	-5.57142e-13	-1.06e-07
-4.24264e-21	-5.28562e-13	-1.05e-07
-4.75719e-21	-5.00644e-13	-1.04e-07
-5.24415e-21	-4.73383e-13	-1.03e-07
-5.70417e-21	-4.46773e-13	-1.02e-07
-6.13791e-21	-4.20808e-13	-1.01e-07
-6.546e-21	-3.9548e-13	-1e-07
-6.92908e-21	-3.70784e-13	-9.9e-08
-7.28778e-21	-3.46713e-13	-9.8e-08
-7.62271e-21	-3.23262e-13	-9.7e-08
-7.9345e-21	-3.00423e-13	-9.6e-08
-8.22376e-21	-2.7819e-13	-9.5e-08
-8.49108e-21	-2.56558e-13	-9.4e-08
-8.73707e-21	-2.35519e-13	-9.3e-08
-8.96232e-21	-2.15068e-13	-9.2e-08
-9.1674e-21	-1.95198e-13	-9.1e-08
-9.35291e-21	-1.75903e-13	-9e-08
-9.5194e-21	-1.57177e-13	-8.9e-08
-9.66745e-21	-1.39012e-13	-8.8e-08
-9.79761e-21	-1.21404e-13	-8.7e-08
-9.91044e-21	-1.04345e-13	-8.6e-08
-1.00065e-20	-8.78288e-14	-8.5e-08
-1.00863e-20	-7.185e-14	-8.4e-08
-1.01504e-20	-5.64018e-14	-8.3e-08
-1.01993e-20	-4.14778e-14	-8.2e-08
-1.02335e-20	-2.70719e-14	-8.1e-08
-1.02536e-20	-1.31776e-14	-8e-08
-1.026e-20	2.11341e-16	-7.9e-08
-1.02533e-20	1.31013e-14	-7.8e-08
-1.0234e-20	2.54985e-14	-7.7e-08
-1.02025e-20	3.74093e-14	-7.6e-08
-1.01593e-20	4.884e-14	-7.5e-08
-1.0105e-20	5.9797e-14	-7.4e-08
-1.00399e-20	7.02865e-14	-7.3e-08
-9.96454e-21	8.03149e-14	-7.2e-08
-9.8794e-21	8.98885e-14	-7.1e-08
-9.78491e-21	9.90136e-14	-7e-08
-9.68152e-21	1.07697e-13	-6.9e-08
-9.56966e-21	1.15944e-13	-6.8e-08
-9.44977e-21	1.23761e-13	-6.7e-08
-9.32228e-21	1.31155e-13	-6.6e-08
-9.1876e-21	1.38133e-13	-6.5e-08
-9.04615e-21	1.447e-13	-6.4e-08
-8.89834e-21	1.50862e-13	-6.3e-08
-8.74456e-21	1.56627e-13	-6.2e-08
-8.58521e-21	1.62e-13	-6.1e-08
-8.42069e-21	1.66987e-13	-6e-08
-8.25137e-21	1.71596e-13	-5.9e-08
-8.07762e-21	1.75832e-13	-5.8e-08
-7.89982e-21	1.79701e-13	-5.7e-08
-7.71834e-21	1.83211e-13	-5.6e-08
-7.53352e-21	1.86366e-13	-5.5e-08
-7.34572e-21	1.89175e-13	-5.4e-08
-7.15528e-21	1.91642e-13	-5.3e-08
-6.96255e-21	1.93774e-13	-5.2e-08
-6.76785e-21	1.95578e-13	-5.1e-08
-6.5715e-21	1.9706e-13	-5e-08
-6.37383e-21	1.98226e-13	-4.9e-08
-6.17515e-21	1.99082e-13	-4.8e-08
-5.97577e-21	1.99636e-13	-4.7e-08
-5.77598e-21	1.99892e-13	-4.6e-08
-5.57608e-21	1.99858e-13	-4.5e-08
-5.37636e-21	1.99539e-13	-4.4e-08
-5.17709e-21	1.98943e-13	-4.3e-08
-4.97856e-21	1.98075e-13	-4.2e-08
-4.78103e-21	1.96941e-13	-4.1e-08
-4.58477e-21	1.95549e-13	-4e-08
-4.39002e-21	1.93904e-13	-3.9e-08
-4.19704e-21	1.92012e-13	-3.8e-08
-4.00608e-21	1.89881e-13	-3.7e-08
-3.81736e-21	1.87516e-13	-3.6e-08
-3.63112e-21	1.84923e-13	-3.5e-08
-3.44759e-21	1.8211e-13	-3.4e-08
-3.26697e-21	1.79081e-13	-3.3e-08
-3.08949e-21	1.75844e-13	-3.2e-08
-2.91535e-21	1.72405e-13	-3.1e-08
-2.74475e-21	1.6877e-13	-3e-08
-2.57787e-21	1.64946e-13	-2.9e-08
-2.41492e-21	1.60939e-13	-2.8e-08
-2.25606e-21	1.56754e-13	-2.7e-08
-2.10147e-21	1.52399e-13	-2.6e-08
-1.95131e-21	1.4788e-13	-2.5e-08
-1.80576e-21	1.43203e-13	-2.4e-08
-1.66496e-21	1.38374e-13	-2.3e-08
-1.52906e-21	1.334e-13	-2.2e-08
-1.3982e-21	1.28287e-13	-2.1e-08
-1.27253e-21	1.23042e-13	-2e-08
-1.15216e-21	1.1767e-13	-1.9e-08
-1.03723e-21	1.12178e-13	-1.8e-08
-9.27845e-22	1.06572e-13	-1.7e-08
-8.24121e-22	1.00859e-13	-1.6e-08
-7.26161e-22	9.50448e-14	-1.5e-08
-6.34063e-22	8.91359e-14	-1.4e-08
-5.47918e-22	8.31386e-14	-1.3e-08
-4.67813e-22	7.70592e-14	-1.2e-08
-3.93825e-22	7.09039e-14	-1.1e-08
-3.26028e-22	6.46792e-14	-1e-08
-2.64488e-22	5.83913e-14	-9e-09
-2.09264e-22	5.20466e-14	-8e-09
-1.60411e-22	4.56513e-14	-7e-09
-1.17976e-22	3.92118e-14	-6e-09
-8.20005e-23	3.27344e-14	-5e-09
-5.25182e-23	2.62254e-14	-4e-09
-2.95581e-23	1.96912e-14	-3e-09
-1.31422e-23	1.3138e-14	-2e-09
-3.28634e-24	6.57215e-15	-1e-09
0	0	0
-3.28634e-24	-6.57215e-15	1e-09
-1.31422e-23	-1.3138e-14	2e-09
-2.95581e-23	-1.96912e-14	3e-09
-5.25182e-23	-2.62254e-14	4e-09
-8.20005e-23	-3.27344e-14	5e-09
-1.17976e-22	-3.92118e-14	6e-09
-1.60411e-22	-4.56513e-14	7e-09
-2.09264e-22	-5.20466e-14	8e-09
-2.64488e-22	-5.83913e-14	9e-09
-3.26028e-22	-6.46792e-14	1e-08
-3.93825e-22	-7.09039e-14	1.1e-08
-4.67813e-22	-7.70592e-14	1.2e-08
-5.47918e-22	-8.31386e-14	1.3e-08
-6.34063e-22	-8.91359e-14	1.4e-08
-7.26161e-22	-9.50448e-14	1.5e-08
-8.24121e-22	-1.00859e-13	1.6e-08
-9.27845e-22	-1.06572e-13	1.7e-08
-1.03723e-21	-1.12178e-13	1.8e-08
-1.15216e-21	-1.1767e-13	1.9e-08
-1.27253e-21	-1.23042e-13	2e-08
-1.3982e-21	-1.28287e-13	2.1e-08
-1.52906e-21	-1.334e-13	2.2e-08
-1.66496e-21	-1.38374e-13	2.3e-08
-1.80576e-21	-1.43203e-13	2.4e-08
-1.95131e-21	-1.4788e-13	2.5e-08
-2.10147e-21	-1.52399e-13	2.6e-08
-2.25606e-21	-1.56754e-13	2.7e-08
-2.41492e-21	-1.60939e-13	2.8e-08
-2.57787e-21	-1.64946e-13	2.9e-08
-2.74475e-21	-1.6877e-13	3e-08
-2.91535e-21	-1.72405e-13	3.1e-08
-3.08949e-21	-1.75844e-13	3.2e-08
-3.26697e-21	-1.79081e-13	3.3e-08
-3.44759e-21	-1.8211e-13	3.4e-08
-3.63112e-21	-1.84923e-13	3.5e-08
-3.81736e-21	-1.87516e-13	3.6e-08
-4.00608e-21	-1.89881e-13	3.7e-08
-4.19704e-21	-1.92012e-13	3.8e-08
-4.39002e-21	-1.93904e-13	3.9e-08
-4.58477e-21	-1.95549e-13	4e-08
-4.78103e-21	-1.96941e-13	4.1e-08
-4.97856e-21	-1.98075e-13	4.2e-08
-5.17709e-21	-1.98943e-13	4.3e-08
-5.37636e-21	-1.99539e-13	4.4e-08
-5.57608e-21	-1.99858e-13	4.5e-08
-5.77598e-21	-1.99892e-13	4.6e-08
-5.97577e-21	-1.99636e-13	4.7e-08
-6.17515e-21	-1.99082e-13	4.8e-08
-6.37383e-21	-1.98226e-13	4.9e-08
-6.5715e-21	-1.9706e-13	5e-08
-6.76785e-21	-1.95578e-13	5.1e-08
-6.96255e-21	-1.93774e-13	5.2e-08
-7.15528e-21	-1.91642e-13	5.3e-08
-7.34572e-21	-1.89175e-13	5.4e-08
-7.53352e-21	-1.86366e-13	5.5e-08
-7.71834e-21	-1.83211e-13	5.6e-08
-7.89982e-21	-1.79701e-13	5.7e-08
-8.07762e-21	-1.75832e-13	5.8e-08
-8.25137e-21	-1.71596e-13	5.9e-08
-8.42069e-21	-1.66987e-13	6e-08
-8.58521e-21	-1.62e-13	6.1e-08
-8.74456e-21	-1.56627e-13	6.2e-08
-8.89834e-21	-1.50862e-13	6.3e-08
-9.04615e-21	-1.447e-13	6.4e-08
-9.1876e-21	-1.38133e-13	6.5e-08
-9.32228e-21	-1.31155e-13	6.6e-08
-9.44977e-21	-1.23761e-13	6.7e-08
-9.56966e-21	-1.15944e-13	6.8e-08
-9.68152e-21	-1.07697e-13	6.9e-08
-9.78491e-21	-9.90136e-14	7e-08
-9.8794e-21	-8.98885e-14	7.1e-08
-9.96454e-21	-8.03149e-14	7.2e-08
-1.00399e-20	-7.02865e-14	7.3e-08
-1.0105e-20	-5.9797e-14	7.4e-08
-1.01593e-20	-4.884e-14	7.5e-08
-1.02025e-20	-3.74093e-14	7.6e-08
-1.0234e-20	-2.54985e-14	7.7e-08
-1.02533e-20	-1.31013e-14	7.8e-08
-1.026e-20	-2.11341e-16	7.9e-08
-1.02536e-20	1.31776e-14	8e-08
-1.02335e-20	2.70719e-14	8.1e-08
-1.01993e-20	4.14778e-14	8.2e-08
-1.01504e-20	5.64018e-14	8.3e-08
-1.00863e-20	7.185e-14	8.4e-08
-1.00065e-20	8.78288e-14	8.5e-08
-9.91044e-21	1.04345e-13	8.6e-08
-9.79761e-21	1.21404e-13	8.7e-08
-9.66745e-21	1.39012e-13	8.8e-08
-9.5194e-21	1.57177e-13	8.9e-08
-9.35291e-21	1.75903e-13	9e-08
-9.1674e-21	1.95198e-13	9.1e-08
-8.96232e-21	2.15068e-13	9.2e-08
-8.73707e-21	2.35519e-13	9.3e-08
-8.49108e-21	2.56558e-13	9.4e-08
-8.22376e-21	2.7819e-13	9.5e-08
-7.9345e-21	3.00423e-13	9.6e-08
-7.62271e-21	3.23262e-13	9.7e-08
-7.28778e-21	3.46713e-13	9.8e-08
-6.92908e-21	3.70784e-13	9.9e-08
-6.546e-21	3.9548e-13	1e-07
-6.13791e-21	4.20808e-13	1.01e-07
-5.70417e-21	4.46773e-13	1.02e-07
-5.24415e-21	4.73383e-13	1.03e-07
-4.75719e-21	5.00644e-13	1.04e-07
-4.24264e-21	5.28562e-13	1.05e-07
-3.69984e-21	5.57142e-13	1.06e-07
-3.12813e-21	5.86393e-13	1.07e-07
-2.52683e-21	6.16319e-13	1.08e-07
-1.89527e-21	6.46928e-13	1.09e-07
-1.23275e-21	6.78225e-13	1.1e-07
-5.38585e-22	7.10217e-13	1.11e-07
1.87919e-22	7.4291e-13	1.12e-07
9.4747e-22	7.7631e-13	1.13e-07
1.74078e-21	8.10425e-13	1.14e-07
2.56856e-21	8.45259e-13	1.15e-07
3.43154e-21	8.8082e-13	1.16e-07
4.33044e-21	9.17114e-13	1.17e-07
5.26601e-21	9.54146e-13	1.18e-07
6.23899e-21	9.91925e-13	1.19e-07
7.25011e-21	1.03045e-12	1.2e-07
8.30015e-21	1.06974e-12	1.21e-07
9.38985e-21	1.10979e-12	1.22e-07
1.052e-20	1.15062e-12	1.23e-07
1.16913e-20	1.19222e-12	1.24e-07
1.29047e-20	1.2346e-12	1.25e-07
1.41608e-20	1.27777e-12	1.26e-07
1.54605e-20	1.32174e-12	1.27e-07
1.68046e-20	1.36651e-12	1.28e-07
1.81938e-20	1.41209e-12	1.29e-07
1.9629e-20	1.45849e-12	1.3e-07
2.1111e-20	1.5057e-12	1.31e-07
2.26407e-20	1.55374e-12	1.32e-07
2.42188e-20	1.60262e-12	1.33e-07
2.58462e-20	1.65234e-12	1.34e-07
2.75238e-20	1.7029e-12	1.35e-07
2.92523e-20	1.75432e-12	1.36e-07
3.10327e-20	1.80659e-12	1.37e-07
3.28658e-20	1.85973e-12	1.38e-07
3.47524e-20	1.91374e-12	1.39e-07
3.66936e-20	1.96864e-12	1.4e-07
3.869e-20	2.02441e-12	1.41e-07
4.07427e-20	2.08108e-12	1.42e-07
4.28524e-20	2.13864e-12	1.43e-07
4.50202e-20	2.1971e-12	1.44e-07
4.7247e-20	2.25648e-12	1.45e-07
4.95335e-20	2.31677e-12	1.46e-07
5.18808e-20	2.37798e-12	1.47e-07
5.42898e-20	2.44013e-12	1.48e-07
5.67614e-20	2.5032e-12	1.49e-07
5.92965e-20	2.56722e-12	1.5e-07
6.18961e-20	2.63219e-12	1.51e-07
6.45612e-20	2.69811e-12	1.52e-07
6.72927e-20	2.76498e-12	1.53e-07
7.00915e-20	2.83283e-12	1.54e-07
7.29586e-20	2.90165e-12	1.55e-07
7.58951e-20	2.97145e-12	1.56e-07
7.89019e-20	3.04223e-12	1.57e-07
8.19799e-20	3.11401e-12	1.58e-07
8.51302e-20	3.18678e-12	1.59e-07
8.83538e-20	3.26056e-12	1.6e-07
9.16517e-20	3.33535e-12	1.61e-07
9.50248e-20	3.41115e-12	1.62e-07
9.84743e-20	3.48798e-12	1.63e-07
1.02001e-19	3.56584e-12	1.64e-07
1.05606e-19	3.64473e-12	1.65e-07
1.09291e-19	3.72467e-12	1.66e-07
1.13056e-19	3.80565e-12	1.67e-07
1.16903e-19	3.88769e-12	1.68e-07
1.20832e-19	3.97079e-12	1.69e-07
1.24845e-19	4.05496e-12	1.7e-07
1.28942e-19	4.1402e-12	1.71e-07
1.33125e-19	4.22653e-12	1.72e-07
1.37395e-19	4.31394e-12	1.73e-07
1.41754e-19	4.40244e-12	1.74e-07
1.46201e-19	4.49204e-12	1.75e-07
1.50738e-19	4.58275e-12	1.76e-07
1.55367e-19	4.67456e-12	1.77e-07
1.60087e-19	4.7675e-12	1.78e-07
1.64902e-19	4.86156e-12	1.79e-07
1.69811e-19	4.95675e-12	1.8e-07
1.74816e-19	5.05308e-12	1.81e-07
1.79918e-19	5.15055e-12	1.82e-07
1.85117e-19	5.24918e-12	1.83e-07
1.90416e-19	5.34895e-12	1.84e-07
1.95816e-19	5.44989e-12	1.85e-07
2.01316e-19	5.552e-12	1.86e-07
2.0692e-19	5.65528e-12	1.87e-07
2.12627e-19	5.75975e-12	1.88e-07
2.1844e-19	5.8654e-12	1.89e-07
2.24359e-19	5.97225e-12	1.9e-07
2.30385e-19	6.08029e-12	1.91e-07
2.3652e-19	6.18955e-12	1.92e-07
2.42764e-19	6.30001e-12	1.93e-07
2.4912e-19	6.4117e-12	1.94e-07
2.55588e-19	6.52461e-12	1.95e-07
2.6217e-19	6.63875e-12	1.96e-07
2.68866e-19	6.75413e-12	1.97e-07
2.75678e-19	6.87075e-12	1.98e-07
2.82608e-19	6.98863e-12	1.99e-07
Simulation ended successfully!
