Developers: Razvan Ababei, Matt Ellis and Tom Hayward
University of Sheffield
The program has been initialized with following parameters:
Saturation, Ms = 477000 A/m
Length of the strip = 2e-07 m
Width = 5e-08 m
Thickness = 5e-09 m
Exchange stiffness, A = 1.05e-11 J/m
Gilbert damping, alpha = 0.02
Amplitude of oscillating field, H0 = 800 A/m
Frequency of the field, omega = 3.14159e+09 Hz
Integration time step, Dt = 1e-12 s
Initialization completed!
The coefficients of E(x) are:	0	0	-1.2866e-06	0	1.632e+08
=====================================================================<
Running Potential program
2.09656e-19	-4.70776e-12	-2e-07
2.04986e-19	-4.63239e-12	-1.99e-07
2.00391e-19	-4.5578e-12	-1.98e-07
1.9587e-19	-4.48398e-12	-1.97e-07
1.91423e-19	-4.41093e-12	-1.96e-07
1.87048e-19	-4.33866e-12	-1.95e-07
1.82745e-19	-4.26714e-12	-1.94e-07
1.78513e-19	-4.19639e-12	-1.93e-07
1.74352e-19	-4.12639e-12	-1.92e-07
1.7026e-19	-4.05714e-12	-1.91e-07
1.66238e-19	-3.98865e-12	-1.9e-07
1.62283e-19	-3.92089e-12	-1.89e-07
1.58396e-19	-3.85388e-12	-1.88e-07
1.54575e-19	-3.7876e-12	-1.87e-07
1.5082e-19	-3.72206e-12	-1.86e-07
1.47131e-19	-3.65724e-12	-1.85e-07
1.43505e-19	-3.59315e-12	-1.84e-07
1.39944e-19	-3.52978e-12	-1.83e-07
1.36446e-19	-3.46713e-12	-1.82e-07
1.3301e-19	-3.40519e-12	-1.81e-07
1.29635e-19	-3.34395e-12	-1.8e-07
1.26321e-19	-3.28343e-12	-1.79e-07
1.23068e-19	-3.2236e-12	-1.78e-07
1.19874e-19	-3.16447e-12	-1.77e-07
1.16739e-19	-3.10604e-12	-1.76e-07
1.13662e-19	-3.04829e-12	-1.75e-07
1.10642e-19	-2.99123e-12	-1.74e-07
1.07679e-19	-2.93485e-12	-1.73e-07
1.04772e-19	-2.87915e-12	-1.72e-07
1.0192e-19	-2.82412e-12	-1.71e-07
9.91235e-20	-2.76976e-12	-1.7e-07
9.63807e-20	-2.71607e-12	-1.69e-07
9.36912e-20	-2.66304e-12	-1.68e-07
9.10544e-20	-2.61067e-12	-1.67e-07
8.84696e-20	-2.55895e-12	-1.66e-07
8.59363e-20	-2.50788e-12	-1.65e-07
8.34536e-20	-2.45746e-12	-1.64e-07
8.10211e-20	-2.40768e-12	-1.63e-07
7.86381e-20	-2.35854e-12	-1.62e-07
7.63038e-20	-2.31003e-12	-1.61e-07
7.40178e-20	-2.26216e-12	-1.6e-07
7.17793e-20	-2.21491e-12	-1.59e-07
6.95878e-20	-2.16828e-12	-1.58e-07
6.74425e-20	-2.12227e-12	-1.57e-07
6.5343e-20	-2.07688e-12	-1.56e-07
6.32886e-20	-2.0321e-12	-1.55e-07
6.12786e-20	-1.98793e-12	-1.54e-07
5.93125e-20	-1.94435e-12	-1.53e-07
5.73897e-20	-1.90138e-12	-1.52e-07
5.55096e-20	-1.85901e-12	-1.51e-07
5.36715e-20	-1.81722e-12	-1.5e-07
5.18749e-20	-1.77602e-12	-1.49e-07
5.01193e-20	-1.73541e-12	-1.48e-07
4.84039e-20	-1.69537e-12	-1.47e-07
4.67283e-20	-1.65592e-12	-1.46e-07
4.50919e-20	-1.61703e-12	-1.45e-07
4.34941e-20	-1.57871e-12	-1.44e-07
4.19343e-20	-1.54095e-12	-1.43e-07
4.0412e-20	-1.50376e-12	-1.42e-07
3.89266e-20	-1.46712e-12	-1.41e-07
3.74776e-20	-1.43104e-12	-1.4e-07
3.60643e-20	-1.3955e-12	-1.39e-07
3.46864e-20	-1.3605e-12	-1.38e-07
3.33431e-20	-1.32605e-12	-1.37e-07
3.20341e-20	-1.29213e-12	-1.36e-07
3.07587e-20	-1.25875e-12	-1.35e-07
2.95164e-20	-1.2259e-12	-1.34e-07
2.83067e-20	-1.19357e-12	-1.33e-07
2.71291e-20	-1.16176e-12	-1.32e-07
2.5983e-20	-1.13046e-12	-1.31e-07
2.4868e-20	-1.09969e-12	-1.3e-07
2.37835e-20	-1.06942e-12	-1.29e-07
2.2729e-20	-1.03965e-12	-1.28e-07
2.1704e-20	-1.01039e-12	-1.27e-07
2.07081e-20	-9.81622e-13	-1.26e-07
1.97406e-20	-9.5335e-13	-1.25e-07
1.88012e-20	-9.25567e-13	-1.24e-07
1.78893e-20	-8.9827e-13	-1.23e-07
1.70045e-20	-8.71455e-13	-1.22e-07
1.61463e-20	-8.45118e-13	-1.21e-07
1.53141e-20	-8.19254e-13	-1.2e-07
1.45076e-20	-7.93861e-13	-1.19e-07
1.37262e-20	-7.68934e-13	-1.18e-07
1.29696e-20	-7.44469e-13	-1.17e-07
1.22371e-20	-7.20462e-13	-1.16e-07
1.15285e-20	-6.96909e-13	-1.15e-07
1.08432e-20	-6.73807e-13	-1.14e-07
1.01807e-20	-6.51152e-13	-1.13e-07
9.54073e-21	-6.28939e-13	-1.12e-07
8.92271e-21	-6.07164e-13	-1.11e-07
8.32625e-21	-5.85825e-13	-1.1e-07
7.75092e-21	-5.64916e-13	-1.09e-07
7.19628e-21	-5.44434e-13	-1.08e-07
6.66191e-21	-5.24376e-13	-1.07e-07
6.14739e-21	-5.04736e-13	-1.06e-07
5.6523e-21	-4.85512e-13	-1.05e-07
5.17623e-21	-4.66698e-13	-1.04e-07
4.71876e-21	-4.48293e-13	-1.03e-07
4.27951e-21	-4.3029e-13	-1.02e-07
3.85805e-21	-4.12687e-13	-1.01e-07
3.454e-21	-3.9548e-13	-1e-07
3.06696e-21	-3.78664e-13	-9.9e-08
2.69654e-21	-3.62237e-13	-9.8e-08
2.34236e-21	-3.46193e-13	-9.7e-08
2.00403e-21	-3.30528e-13	-9.6e-08
1.68118e-21	-3.1524e-13	-9.5e-08
1.37343e-21	-3.00324e-13	-9.4e-08
1.08041e-21	-2.85777e-13	-9.3e-08
8.01751e-22	-2.71593e-13	-9.2e-08
5.37099e-22	-2.5777e-13	-9.1e-08
2.86092e-22	-2.44303e-13	-9e-08
4.83751e-23	-2.31189e-13	-8.9e-08
-1.76402e-22	-2.18423e-13	-8.8e-08
-3.88586e-22	-2.06002e-13	-8.7e-08
-5.8852e-22	-1.93922e-13	-8.6e-08
-7.76543e-22	-1.82179e-13	-8.5e-08
-9.52989e-22	-1.70768e-13	-8.4e-08
-1.11819e-21	-1.59687e-13	-8.3e-08
-1.27247e-21	-1.48931e-13	-8.2e-08
-1.41616e-21	-1.38495e-13	-8.1e-08
-1.54957e-21	-1.28378e-13	-8e-08
-1.67302e-21	-1.18573e-13	-7.9e-08
-1.78682e-21	-1.09078e-13	-7.8e-08
-1.89128e-21	-9.98883e-14	-7.7e-08
-1.98669e-21	-9.10003e-14	-7.6e-08
-2.07337e-21	-8.241e-14	-7.5e-08
-2.15161e-21	-7.41134e-14	-7.4e-08
-2.2217e-21	-6.61067e-14	-7.3e-08
-2.28392e-21	-5.83859e-14	-7.2e-08
-2.33856e-21	-5.09471e-14	-7.1e-08
-2.38591e-21	-4.37864e-14	-7e-08
-2.42623e-21	-3.68999e-14	-6.9e-08
-2.4598e-21	-3.02836e-14	-6.8e-08
-2.48688e-21	-2.39337e-14	-6.7e-08
-2.50775e-21	-1.78462e-14	-6.6e-08
-2.52266e-21	-1.20172e-14	-6.5e-08
-2.53187e-21	-6.4428e-15	-6.4e-08
-2.53563e-21	-1.11908e-15	-6.3e-08
-2.53419e-21	3.95788e-15	-6.2e-08
-2.5278e-21	8.792e-15	-6.1e-08
-2.51669e-21	1.33872e-14	-6e-08
-2.5011e-21	1.77474e-14	-5.9e-08
-2.48127e-21	2.18765e-14	-5.8e-08
-2.45742e-21	2.57784e-14	-5.7e-08
-2.42979e-21	2.94571e-14	-5.6e-08
-2.39858e-21	3.29164e-14	-5.5e-08
-2.36403e-21	3.61603e-14	-5.4e-08
-2.32633e-21	3.91927e-14	-5.3e-08
-2.28571e-21	4.20175e-14	-5.2e-08
-2.24237e-21	4.46386e-14	-5.1e-08
-2.1965e-21	4.706e-14	-5e-08
-2.14831e-21	4.92855e-14	-4.9e-08
-2.09799e-21	5.13191e-14	-4.8e-08
-2.04574e-21	5.31647e-14	-4.7e-08
-1.99172e-21	5.48263e-14	-4.6e-08
-1.93614e-21	5.63076e-14	-4.5e-08
-1.87917e-21	5.76127e-14	-4.4e-08
-1.82098e-21	5.87454e-14	-4.3e-08
-1.76173e-21	5.97098e-14	-4.2e-08
-1.70161e-21	6.05096e-14	-4.1e-08
-1.64077e-21	6.11488e-14	-4e-08
-1.57937e-21	6.16314e-14	-3.9e-08
-1.51756e-21	6.19612e-14	-3.8e-08
-1.45549e-21	6.21421e-14	-3.7e-08
-1.39332e-21	6.21782e-14	-3.6e-08
-1.33118e-21	6.20732e-14	-3.5e-08
-1.26922e-21	6.18311e-14	-3.4e-08
-1.20757e-21	6.14559e-14	-3.3e-08
-1.14635e-21	6.09514e-14	-3.2e-08
-1.0857e-21	6.03216e-14	-3.1e-08
-1.02575e-21	5.95704e-14	-3e-08
-9.66602e-22	5.87017e-14	-2.9e-08
-9.08383e-22	5.77193e-14	-2.8e-08
-8.512e-22	5.66273e-14	-2.7e-08
-7.95163e-22	5.54296e-14	-2.6e-08
-7.40375e-22	5.413e-14	-2.5e-08
-6.86936e-22	5.27325e-14	-2.4e-08
-6.34941e-22	5.1241e-14	-2.3e-08
-5.84484e-22	4.96594e-14	-2.2e-08
-5.35651e-22	4.79916e-14	-2.1e-08
-4.88528e-22	4.62416e-14	-2e-08
-4.43194e-22	4.44132e-14	-1.9e-08
-3.99726e-22	4.25105e-14	-1.8e-08
-3.58197e-22	4.05372e-14	-1.7e-08
-3.18674e-22	3.84973e-14	-1.6e-08
-2.81223e-22	3.63948e-14	-1.5e-08
-2.45904e-22	3.42335e-14	-1.4e-08
-2.12774e-22	3.20174e-14	-1.3e-08
-1.81886e-22	2.97504e-14	-1.2e-08
-1.53289e-22	2.74363e-14	-1.1e-08
-1.27028e-22	2.50792e-14	-1e-08
-1.03144e-22	2.26829e-14	-9e-09
-8.16739e-23	2.02514e-14	-8e-09
-6.26516e-23	1.77885e-14	-7e-09
-4.61061e-23	1.52982e-14	-6e-09
-3.2063e-23	1.27844e-14	-5e-09
-2.05438e-23	1.0251e-14	-4e-09
-1.15662e-23	7.70197e-15	-3e-09
-5.14379e-24	5.14118e-15	-2e-09
-1.28644e-24	2.57255e-15	-1e-09
0	0	0
-1.28644e-24	-2.57255e-15	1e-09
-5.14379e-24	-5.14118e-15	2e-09
-1.15662e-23	-7.70197e-15	3e-09
-2.05438e-23	-1.0251e-14	4e-09
-3.2063e-23	-1.27844e-14	5e-09
-4.61061e-23	-1.52982e-14	6e-09
-6.26516e-23	-1.77885e-14	7e-09
-8.16739e-23	-2.02514e-14	8e-09
-1.03144e-22	-2.26829e-14	9e-09
-1.27028e-22	-2.50792e-14	1e-08
-1.53289e-22	-2.74363e-14	1.1e-08
-1.81886e-22	-2.97504e-14	1.2e-08
-2.12774e-22	-3.20174e-14	1.3e-08
-2.45904e-22	-3.42335e-14	1.4e-08
-2.81223e-22	-3.63948e-14	1.5e-08
-3.18674e-22	-3.84973e-14	1.6e-08
-3.58197e-22	-4.05372e-14	1.7e-08
-3.99726e-22	-4.25105e-14	1.8e-08
-4.43194e-22	-4.44132e-14	1.9e-08
-4.88528e-22	-4.62416e-14	2e-08
-5.35651e-22	-4.79916e-14	2.1e-08
-5.84484e-22	-4.96594e-14	2.2e-08
-6.34941e-22	-5.1241e-14	2.3e-08
-6.86936e-22	-5.27325e-14	2.4e-08
-7.40375e-22	-5.413e-14	2.5e-08
-7.95163e-22	-5.54296e-14	2.6e-08
-8.512e-22	-5.66273e-14	2.7e-08
-9.08383e-22	-5.77193e-14	2.8e-08
-9.66602e-22	-5.87017e-14	2.9e-08
-1.02575e-21	-5.95704e-14	3e-08
-1.0857e-21	-6.03216e-14	3.1e-08
-1.14635e-21	-6.09514e-14	3.2e-08
-1.20757e-21	-6.14559e-14	3.3e-08
-1.26922e-21	-6.18311e-14	3.4e-08
-1.33118e-21	-6.20732e-14	3.5e-08
-1.39332e-21	-6.21782e-14	3.6e-08
-1.45549e-21	-6.21421e-14	3.7e-08
-1.51756e-21	-6.19612e-14	3.8e-08
-1.57937e-21	-6.16314e-14	3.9e-08
-1.64077e-21	-6.11488e-14	4e-08
-1.70161e-21	-6.05096e-14	4.1e-08
-1.76173e-21	-5.97098e-14	4.2e-08
-1.82098e-21	-5.87454e-14	4.3e-08
-1.87917e-21	-5.76127e-14	4.4e-08
-1.93614e-21	-5.63076e-14	4.5e-08
-1.99172e-21	-5.48263e-14	4.6e-08
-2.04574e-21	-5.31647e-14	4.7e-08
-2.09799e-21	-5.13191e-14	4.8e-08
-2.14831e-21	-4.92855e-14	4.9e-08
-2.1965e-21	-4.706e-14	5e-08
-2.24237e-21	-4.46386e-14	5.1e-08
-2.28571e-21	-4.20175e-14	5.2e-08
-2.32633e-21	-3.91927e-14	5.3e-08
-2.36403e-21	-3.61603e-14	5.4e-08
-2.39858e-21	-3.29164e-14	5.5e-08
-2.42979e-21	-2.94571e-14	5.6e-08
-2.45742e-21	-2.57784e-14	5.7e-08
-2.48127e-21	-2.18765e-14	5.8e-08
-2.5011e-21	-1.77474e-14	5.9e-08
-2.51669e-21	-1.33872e-14	6e-08
-2.5278e-21	-8.792e-15	6.1e-08
-2.53419e-21	-3.95788e-15	6.2e-08
-2.53563e-21	1.11908e-15	6.3e-08
-2.53187e-21	6.4428e-15	6.4e-08
-2.52266e-21	1.20172e-14	6.5e-08
-2.50775e-21	1.78462e-14	6.6e-08
-2.48688e-21	2.39337e-14	6.7e-08
-2.4598e-21	3.02836e-14	6.8e-08
-2.42623e-21	3.68999e-14	6.9e-08
-2.38591e-21	4.37864e-14	7e-08
-2.33856e-21	5.09471e-14	7.1e-08
-2.28392e-21	5.83859e-14	7.2e-08
-2.2217e-21	6.61067e-14	7.3e-08
-2.15161e-21	7.41134e-14	7.4e-08
-2.07337e-21	8.241e-14	7.5e-08
-1.98669e-21	9.10003e-14	7.6e-08
-1.89128e-21	9.98883e-14	7.7e-08
-1.78682e-21	1.09078e-13	7.8e-08
-1.67302e-21	1.18573e-13	7.9e-08
-1.54957e-21	1.28378e-13	8e-08
-1.41616e-21	1.38495e-13	8.1e-08
-1.27247e-21	1.48931e-13	8.2e-08
-1.11819e-21	1.59687e-13	8.3e-08
-9.52989e-22	1.70768e-13	8.4e-08
-7.76543e-22	1.82179e-13	8.5e-08
-5.8852e-22	1.93922e-13	8.6e-08
-3.88586e-22	2.06002e-13	8.7e-08
-1.76402e-22	2.18423e-13	8.8e-08
4.83751e-23	2.31189e-13	8.9e-08
2.86092e-22	2.44303e-13	9e-08
5.37099e-22	2.5777e-13	9.1e-08
8.01751e-22	2.71593e-13	9.2e-08
1.08041e-21	2.85777e-13	9.3e-08
1.37343e-21	3.00324e-13	9.4e-08
1.68118e-21	3.1524e-13	9.5e-08
2.00403e-21	3.30528e-13	9.6e-08
2.34236e-21	3.46193e-13	9.7e-08
2.69654e-21	3.62237e-13	9.8e-08
3.06696e-21	3.78664e-13	9.9e-08
3.454e-21	3.9548e-13	1e-07
3.85805e-21	4.12687e-13	1.01e-07
4.27951e-21	4.3029e-13	1.02e-07
4.71876e-21	4.48293e-13	1.03e-07
5.17623e-21	4.66698e-13	1.04e-07
5.6523e-21	4.85512e-13	1.05e-07
6.14739e-21	5.04736e-13	1.06e-07
6.66191e-21	5.24376e-13	1.07e-07
7.19628e-21	5.44434e-13	1.08e-07
7.75092e-21	5.64916e-13	1.09e-07
8.32625e-21	5.85825e-13	1.1e-07
8.92271e-21	6.07164e-13	1.11e-07
9.54073e-21	6.28939e-13	1.12e-07
1.01807e-20	6.51152e-13	1.13e-07
1.08432e-20	6.73807e-13	1.14e-07
1.15285e-20	6.96909e-13	1.15e-07
1.22371e-20	7.20462e-13	1.16e-07
1.29696e-20	7.44469e-13	1.17e-07
1.37262e-20	7.68934e-13	1.18e-07
1.45076e-20	7.93861e-13	1.19e-07
1.53141e-20	8.19254e-13	1.2e-07
1.61463e-20	8.45118e-13	1.21e-07
1.70045e-20	8.71455e-13	1.22e-07
1.78893e-20	8.9827e-13	1.23e-07
1.88012e-20	9.25567e-13	1.24e-07
1.97406e-20	9.5335e-13	1.25e-07
2.07081e-20	9.81622e-13	1.26e-07
2.1704e-20	1.01039e-12	1.27e-07
2.2729e-20	1.03965e-12	1.28e-07
2.37835e-20	1.06942e-12	1.29e-07
2.4868e-20	1.09969e-12	1.3e-07
2.5983e-20	1.13046e-12	1.31e-07
2.71291e-20	1.16176e-12	1.32e-07
2.83067e-20	1.19357e-12	1.33e-07
2.95164e-20	1.2259e-12	1.34e-07
3.07587e-20	1.25875e-12	1.35e-07
3.20341e-20	1.29213e-12	1.36e-07
3.33431e-20	1.32605e-12	1.37e-07
3.46864e-20	1.3605e-12	1.38e-07
3.60643e-20	1.3955e-12	1.39e-07
3.74776e-20	1.43104e-12	1.4e-07
3.89266e-20	1.46712e-12	1.41e-07
4.0412e-20	1.50376e-12	1.42e-07
4.19343e-20	1.54095e-12	1.43e-07
4.34941e-20	1.57871e-12	1.44e-07
4.50919e-20	1.61703e-12	1.45e-07
4.67283e-20	1.65592e-12	1.46e-07
4.84039e-20	1.69537e-12	1.47e-07
5.01193e-20	1.73541e-12	1.48e-07
5.18749e-20	1.77602e-12	1.49e-07
5.36715e-20	1.81722e-12	1.5e-07
5.55096e-20	1.85901e-12	1.51e-07
5.73897e-20	1.90138e-12	1.52e-07
5.93125e-20	1.94435e-12	1.53e-07
6.12786e-20	1.98793e-12	1.54e-07
6.32886e-20	2.0321e-12	1.55e-07
6.5343e-20	2.07688e-12	1.56e-07
6.74425e-20	2.12227e-12	1.57e-07
6.95878e-20	2.16828e-12	1.58e-07
7.17793e-20	2.21491e-12	1.59e-07
7.40178e-20	2.26216e-12	1.6e-07
7.63038e-20	2.31003e-12	1.61e-07
7.86381e-20	2.35854e-12	1.62e-07
8.10211e-20	2.40768e-12	1.63e-07
8.34536e-20	2.45746e-12	1.64e-07
8.59363e-20	2.50788e-12	1.65e-07
8.84696e-20	2.55895e-12	1.66e-07
9.10544e-20	2.61067e-12	1.67e-07
9.36912e-20	2.66304e-12	1.68e-07
9.63807e-20	2.71607e-12	1.69e-07
9.91235e-20	2.76976e-12	1.7e-07
1.0192e-19	2.82412e-12	1.71e-07
1.04772e-19	2.87915e-12	1.72e-07
1.07679e-19	2.93485e-12	1.73e-07
1.10642e-19	2.99123e-12	1.74e-07
1.13662e-19	3.04829e-12	1.75e-07
1.16739e-19	3.10604e-12	1.76e-07
1.19874e-19	3.16447e-12	1.77e-07
1.23068e-19	3.2236e-12	1.78e-07
1.26321e-19	3.28343e-12	1.79e-07
1.29635e-19	3.34395e-12	1.8e-07
1.3301e-19	3.40519e-12	1.81e-07
1.36446e-19	3.46713e-12	1.82e-07
1.39944e-19	3.52978e-12	1.83e-07
1.43505e-19	3.59315e-12	1.84e-07
1.47131e-19	3.65724e-12	1.85e-07
1.5082e-19	3.72206e-12	1.86e-07
1.54575e-19	3.7876e-12	1.87e-07
1.58396e-19	3.85388e-12	1.88e-07
1.62283e-19	3.92089e-12	1.89e-07
1.66238e-19	3.98865e-12	1.9e-07
1.7026e-19	4.05714e-12	1.91e-07
1.74352e-19	4.12639e-12	1.92e-07
1.78513e-19	4.19639e-12	1.93e-07
1.82745e-19	4.26714e-12	1.94e-07
1.87048e-19	4.33866e-12	1.95e-07
1.91423e-19	4.41093e-12	1.96e-07
1.9587e-19	4.48398e-12	1.97e-07
2.00391e-19	4.5578e-12	1.98e-07
2.04986e-19	4.63239e-12	1.99e-07
Simulation ended successfully!
