0.000000000000000000e+00     0.000000000000000000e+00
3.826834323650897818e-01     0.000000000000000000e+00
7.071067811865475727e-01     0.000000000000000000e+00
9.238795325112867385e-01     0.000000000000000000e+00
1.000000000000000000e+00     0.000000000000000000e+00
9.238795325112867385e-01     0.000000000000000000e+00
7.071067811865475727e-01     0.000000000000000000e+00
3.826834323650898928e-01     0.000000000000000000e+00
1.224646799147353207e-16     0.000000000000000000e+00
-3.826834323650896708e-01    0.000000000000000000e+00
-7.071067811865474617e-01    0.000000000000000000e+00
-9.238795325112865164e-01    0.000000000000000000e+00
-1.000000000000000000e+00    0.000000000000000000e+00
-9.238795325112866275e-01    0.000000000000000000e+00
-7.071067811865476838e-01    0.000000000000000000e+00
-3.826834323650903924e-01    0.000000000000000000e+00
0.000000000000000000e+00     0.000000000000000000e+00
3.826834323650897818e-01     0.000000000000000000e+00
7.071067811865475727e-01     0.000000000000000000e+00
9.238795325112867385e-01     0.000000000000000000e+00
1.000000000000000000e+00     0.000000000000000000e+00
9.238795325112867385e-01     0.000000000000000000e+00
7.071067811865475727e-01     0.000000000000000000e+00
3.826834323650898928e-01     0.000000000000000000e+00
1.224646799147353207e-16     0.000000000000000000e+00
-3.826834323650896708e-01    0.000000000000000000e+00
-7.071067811865474617e-01    0.000000000000000000e+00
-9.238795325112865164e-01    0.000000000000000000e+00
-1.000000000000000000e+00    0.000000000000000000e+00
-9.238795325112866275e-01    0.000000000000000000e+00
-7.071067811865476838e-01    0.000000000000000000e+00
-3.826834323650903924e-01    0.000000000000000000e+00
0.000000000000000000e+00     0.000000000000000000e+00
3.826834323650897818e-01     0.000000000000000000e+00
7.071067811865475727e-01     0.000000000000000000e+00
9.238795325112867385e-01     0.000000000000000000e+00
1.000000000000000000e+00     0.000000000000000000e+00
9.238795325112867385e-01     0.000000000000000000e+00
7.071067811865475727e-01     0.000000000000000000e+00
3.826834323650898928e-01     0.000000000000000000e+00
1.224646799147353207e-16     0.000000000000000000e+00
-3.826834323650896708e-01    0.000000000000000000e+00
-7.071067811865474617e-01    0.000000000000000000e+00
-9.238795325112865164e-01    0.000000000000000000e+00
-1.000000000000000000e+00    0.000000000000000000e+00
-9.238795325112866275e-01    0.000000000000000000e+00
-7.071067811865476838e-01    0.000000000000000000e+00
-3.826834323650903924e-01    0.000000000000000000e+00
1.000000000000000000e+00     1.000000000000000000e+00
1.000000000000000000e+00     1.000000000000000000e+00
1.000000000000000000e+00     1.000000000000000000e+00
1.000000000000000000e+00     1.000000000000000000e+00
1.000000000000000000e+00     1.000000000000000000e+00
1.000000000000000000e+00     1.000000000000000000e+00
1.000000000000000000e+00     1.000000000000000000e+00
1.000000000000000000e+00     1.000000000000000000e+00
-1.000000000000000000e+00    1.000000000000000000e+00
-1.000000000000000000e+00    1.000000000000000000e+00
-1.000000000000000000e+00    1.000000000000000000e+00
-1.000000000000000000e+00    1.000000000000000000e+00
-1.000000000000000000e+00    1.000000000000000000e+00
-1.000000000000000000e+00    1.000000000000000000e+00
-1.000000000000000000e+00    1.000000000000000000e+00
-1.000000000000000000e+00    1.000000000000000000e+00
0.000000000000000000e+00     0.000000000000000000e+00
3.826834323650897818e-01     0.000000000000000000e+00
7.071067811865475727e-01     0.000000000000000000e+00
9.238795325112867385e-01     0.000000000000000000e+00
1.000000000000000000e+00     0.000000000000000000e+00
9.238795325112867385e-01     0.000000000000000000e+00
7.071067811865475727e-01     0.000000000000000000e+00
3.826834323650898928e-01     0.000000000000000000e+00
1.224646799147353207e-16     0.000000000000000000e+00
-3.826834323650896708e-01    0.000000000000000000e+00
-7.071067811865474617e-01    0.000000000000000000e+00
-9.238795325112865164e-01    0.000000000000000000e+00
-1.000000000000000000e+00    0.000000000000000000e+00
-9.238795325112866275e-01    0.000000000000000000e+00
-7.071067811865476838e-01    0.000000000000000000e+00
-3.826834323650903924e-01    0.000000000000000000e+00
0.000000000000000000e+00     0.000000000000000000e+00
3.826834323650897818e-01     0.000000000000000000e+00
7.071067811865475727e-01     0.000000000000000000e+00
9.238795325112867385e-01     0.000000000000000000e+00
1.000000000000000000e+00     0.000000000000000000e+00
9.238795325112867385e-01     0.000000000000000000e+00
7.071067811865475727e-01     0.000000000000000000e+00
3.826834323650898928e-01     0.000000000000000000e+00
1.224646799147353207e-16     0.000000000000000000e+00
-3.826834323650896708e-01    0.000000000000000000e+00
-7.071067811865474617e-01    0.000000000000000000e+00
-9.238795325112865164e-01    0.000000000000000000e+00
-1.000000000000000000e+00    0.000000000000000000e+00
-9.238795325112866275e-01    0.000000000000000000e+00
-7.071067811865476838e-01    0.000000000000000000e+00
-3.826834323650903924e-01    0.000000000000000000e+00
0.000000000000000000e+00     0.000000000000000000e+00
3.826834323650897818e-01     0.000000000000000000e+00
7.071067811865475727e-01     0.000000000000000000e+00
9.238795325112867385e-01     0.000000000000000000e+00
1.000000000000000000e+00     0.000000000000000000e+00
9.238795325112867385e-01     0.000000000000000000e+00
7.071067811865475727e-01     0.000000000000000000e+00
3.826834323650898928e-01     0.000000000000000000e+00
1.224646799147353207e-16     0.000000000000000000e+00
-3.826834323650896708e-01    0.000000000000000000e+00
-7.071067811865474617e-01    0.000000000000000000e+00
-9.238795325112865164e-01    0.000000000000000000e+00
-1.000000000000000000e+00    0.000000000000000000e+00
-9.238795325112866275e-01    0.000000000000000000e+00
-7.071067811865476838e-01    0.000000000000000000e+00
-3.826834323650903924e-01    0.000000000000000000e+00
0.000000000000000000e+00     0.000000000000000000e+00
3.826834323650897818e-01     0.000000000000000000e+00
7.071067811865475727e-01     0.000000000000000000e+00
9.238795325112867385e-01     0.000000000000000000e+00
1.000000000000000000e+00     0.000000000000000000e+00
9.238795325112867385e-01     0.000000000000000000e+00
7.071067811865475727e-01     0.000000000000000000e+00
3.826834323650898928e-01     0.000000000000000000e+00
1.224646799147353207e-16     0.000000000000000000e+00
-3.826834323650896708e-01    0.000000000000000000e+00
-7.071067811865474617e-01    0.000000000000000000e+00
-9.238795325112865164e-01    0.000000000000000000e+00
-1.000000000000000000e+00    0.000000000000000000e+00
-9.238795325112866275e-01    0.000000000000000000e+00
-7.071067811865476838e-01    0.000000000000000000e+00
-3.826834323650903924e-01    0.000000000000000000e+00
0.000000000000000000e+00     0.000000000000000000e+00
3.826834323650897818e-01     0.000000000000000000e+00
7.071067811865475727e-01     0.000000000000000000e+00
9.238795325112867385e-01     0.000000000000000000e+00
1.000000000000000000e+00     0.000000000000000000e+00
9.238795325112867385e-01     0.000000000000000000e+00
7.071067811865475727e-01     0.000000000000000000e+00
3.826834323650898928e-01     0.000000000000000000e+00
1.224646799147353207e-16     0.000000000000000000e+00
-3.826834323650896708e-01    0.000000000000000000e+00
-7.071067811865474617e-01    0.000000000000000000e+00
-9.238795325112865164e-01    0.000000000000000000e+00
-1.000000000000000000e+00    0.000000000000000000e+00
-9.238795325112866275e-01    0.000000000000000000e+00
-7.071067811865476838e-01    0.000000000000000000e+00
-3.826834323650903924e-01    0.000000000000000000e+00
0.000000000000000000e+00     0.000000000000000000e+00
3.826834323650897818e-01     0.000000000000000000e+00
7.071067811865475727e-01     0.000000000000000000e+00
9.238795325112867385e-01     0.000000000000000000e+00
1.000000000000000000e+00     0.000000000000000000e+00
9.238795325112867385e-01     0.000000000000000000e+00
7.071067811865475727e-01     0.000000000000000000e+00
3.826834323650898928e-01     0.000000000000000000e+00
1.224646799147353207e-16     0.000000000000000000e+00
-3.826834323650896708e-01    0.000000000000000000e+00
-7.071067811865474617e-01    0.000000000000000000e+00
-9.238795325112865164e-01    0.000000000000000000e+00
-1.000000000000000000e+00    0.000000000000000000e+00
-9.238795325112866275e-01    0.000000000000000000e+00
-7.071067811865476838e-01    0.000000000000000000e+00
-3.826834323650903924e-01    0.000000000000000000e+00
